# conv1 output: 24x24x6
# Format: channel, y, x, value
0, 0, 0, 0
0, 0, 1, 0
0, 0, 2, 0
0, 0, 3, 0
0, 0, 4, 0
0, 0, 5, 0
0, 0, 6, 0
0, 0, 7, 0
0, 0, 8, 0
0, 0, 9, 0
0, 0, 10, 0
0, 0, 11, 0
0, 0, 12, 0
0, 0, 13, 0
0, 0, 14, 0
0, 0, 15, 0
0, 0, 16, 0
0, 0, 17, 0
0, 0, 18, 0
0, 0, 19, 0
0, 0, 20, 0
0, 0, 21, 0
0, 0, 22, 0
0, 0, 23, 0
0, 1, 0, 0
0, 1, 1, 0
0, 1, 2, 0
0, 1, 3, 0
0, 1, 4, 0
0, 1, 5, 0
0, 1, 6, 0
0, 1, 7, 0
0, 1, 8, 0
0, 1, 9, 7
0, 1, 10, 0
0, 1, 11, 2
0, 1, 12, 0
0, 1, 13, 0
0, 1, 14, 0
0, 1, 15, 0
0, 1, 16, 0
0, 1, 17, 0
0, 1, 18, 0
0, 1, 19, 0
0, 1, 20, 0
0, 1, 21, 0
0, 1, 22, 0
0, 1, 23, 0
0, 2, 0, 0
0, 2, 1, 0
0, 2, 2, 0
0, 2, 3, 0
0, 2, 4, 0
0, 2, 5, 0
0, 2, 6, 0
0, 2, 7, 0
0, 2, 8, 0
0, 2, 9, 25
0, 2, 10, 0
0, 2, 11, 0
0, 2, 12, 0
0, 2, 13, 0
0, 2, 14, 0
0, 2, 15, 0
0, 2, 16, 0
0, 2, 17, 5
0, 2, 18, 1
0, 2, 19, 0
0, 2, 20, 0
0, 2, 21, 0
0, 2, 22, 0
0, 2, 23, 0
0, 3, 0, 0
0, 3, 1, 0
0, 3, 2, 0
0, 3, 3, 0
0, 3, 4, 0
0, 3, 5, 0
0, 3, 6, 0
0, 3, 7, 0
0, 3, 8, 3
0, 3, 9, 36
0, 3, 10, 4
0, 3, 11, 0
0, 3, 12, 0
0, 3, 13, 0
0, 3, 14, 0
0, 3, 15, 0
0, 3, 16, 0
0, 3, 17, 5
0, 3, 18, 24
0, 3, 19, 0
0, 3, 20, 0
0, 3, 21, 0
0, 3, 22, 0
0, 3, 23, 0
0, 4, 0, 0
0, 4, 1, 0
0, 4, 2, 0
0, 4, 3, 0
0, 4, 4, 0
0, 4, 5, 0
0, 4, 6, 0
0, 4, 7, 0
0, 4, 8, 9
0, 4, 9, 30
0, 4, 10, 27
0, 4, 11, 0
0, 4, 12, 0
0, 4, 13, 0
0, 4, 14, 0
0, 4, 15, 0
0, 4, 16, 0
0, 4, 17, 0
0, 4, 18, 53
0, 4, 19, 0
0, 4, 20, 0
0, 4, 21, 0
0, 4, 22, 0
0, 4, 23, 0
0, 5, 0, 0
0, 5, 1, 0
0, 5, 2, 0
0, 5, 3, 0
0, 5, 4, 0
0, 5, 5, 0
0, 5, 6, 0
0, 5, 7, 28
0, 5, 8, 33
0, 5, 9, 25
0, 5, 10, 48
0, 5, 11, 10
0, 5, 12, 0
0, 5, 13, 0
0, 5, 14, 0
0, 5, 15, 0
0, 5, 16, 0
0, 5, 17, 0
0, 5, 18, 54
0, 5, 19, 32
0, 5, 20, 0
0, 5, 21, 0
0, 5, 22, 0
0, 5, 23, 0
0, 6, 0, 0
0, 6, 1, 0
0, 6, 2, 0
0, 6, 3, 0
0, 6, 4, 0
0, 6, 5, 0
0, 6, 6, 4
0, 6, 7, 54
0, 6, 8, 24
0, 6, 9, 22
0, 6, 10, 48
0, 6, 11, 21
0, 6, 12, 0
0, 6, 13, 0
0, 6, 14, 0
0, 6, 15, 0
0, 6, 16, 0
0, 6, 17, 12
0, 6, 18, 44
0, 6, 19, 55
0, 6, 20, 3
0, 6, 21, 0
0, 6, 22, 0
0, 6, 23, 0
0, 7, 0, 0
0, 7, 1, 0
0, 7, 2, 0
0, 7, 3, 0
0, 7, 4, 0
0, 7, 5, 0
0, 7, 6, 37
0, 7, 7, 64
0, 7, 8, 23
0, 7, 9, 30
0, 7, 10, 41
0, 7, 11, 25
0, 7, 12, 0
0, 7, 13, 0
0, 7, 14, 0
0, 7, 15, 0
0, 7, 16, 2
0, 7, 17, 25
0, 7, 18, 46
0, 7, 19, 50
0, 7, 20, 9
0, 7, 21, 0
0, 7, 22, 0
0, 7, 23, 0
0, 8, 0, 0
0, 8, 1, 0
0, 8, 2, 0
0, 8, 3, 0
0, 8, 4, 0
0, 8, 5, 0
0, 8, 6, 45
0, 8, 7, 57
0, 8, 8, 26
0, 8, 9, 28
0, 8, 10, 35
0, 8, 11, 14
0, 8, 12, 0
0, 8, 13, 0
0, 8, 14, 0
0, 8, 15, 0
0, 8, 16, 35
0, 8, 17, 30
0, 8, 18, 47
0, 8, 19, 56
0, 8, 20, 17
0, 8, 21, 0
0, 8, 22, 0
0, 8, 23, 0
0, 9, 0, 0
0, 9, 1, 0
0, 9, 2, 0
0, 9, 3, 0
0, 9, 4, 0
0, 9, 5, 40
0, 9, 6, 65
0, 9, 7, 41
0, 9, 8, 39
0, 9, 9, 31
0, 9, 10, 24
0, 9, 11, 0
0, 9, 12, 0
0, 9, 13, 0
0, 9, 14, 0
0, 9, 15, 0
0, 9, 16, 59
0, 9, 17, 41
0, 9, 18, 33
0, 9, 19, 64
0, 9, 20, 22
0, 9, 21, 0
0, 9, 22, 0
0, 9, 23, 0
0, 10, 0, 0
0, 10, 1, 0
0, 10, 2, 0
0, 10, 3, 0
0, 10, 4, 0
0, 10, 5, 57
0, 10, 6, 58
0, 10, 7, 26
0, 10, 8, 48
0, 10, 9, 27
0, 10, 10, 4
0, 10, 11, 0
0, 10, 12, 0
0, 10, 13, 0
0, 10, 14, 0
0, 10, 15, 18
0, 10, 16, 61
0, 10, 17, 57
0, 10, 18, 29
0, 10, 19, 54
0, 10, 20, 28
0, 10, 21, 0
0, 10, 22, 0
0, 10, 23, 0
0, 11, 0, 0
0, 11, 1, 0
0, 11, 2, 0
0, 11, 3, 0
0, 11, 4, 4
0, 11, 5, 52
0, 11, 6, 61
0, 11, 7, 39
0, 11, 8, 37
0, 11, 9, 23
0, 11, 10, 0
0, 11, 11, 0
0, 11, 12, 0
0, 11, 13, 0
0, 11, 14, 0
0, 11, 15, 39
0, 11, 16, 60
0, 11, 17, 60
0, 11, 18, 46
0, 11, 19, 32
0, 11, 20, 20
0, 11, 21, 0
0, 11, 22, 0
0, 11, 23, 0
0, 12, 0, 0
0, 12, 1, 0
0, 12, 2, 0
0, 12, 3, 6
0, 12, 4, 0
0, 12, 5, 19
0, 12, 6, 62
0, 12, 7, 48
0, 12, 8, 12
0, 12, 9, 7
0, 12, 10, 0
0, 12, 11, 0
0, 12, 12, 0
0, 12, 13, 0
0, 12, 14, 0
0, 12, 15, 49
0, 12, 16, 62
0, 12, 17, 50
0, 12, 18, 57
0, 12, 19, 22
0, 12, 20, 5
0, 12, 21, 0
0, 12, 22, 0
0, 12, 23, 0
0, 13, 0, 0
0, 13, 1, 0
0, 13, 2, 0
0, 13, 3, 21
0, 13, 4, 15
0, 13, 5, 0
0, 13, 6, 41
0, 13, 7, 49
0, 13, 8, 0
0, 13, 9, 0
0, 13, 10, 0
0, 13, 11, 0
0, 13, 12, 0
0, 13, 13, 0
0, 13, 14, 12
0, 13, 15, 33
0, 13, 16, 65
0, 13, 17, 52
0, 13, 18, 49
0, 13, 19, 14
0, 13, 20, 0
0, 13, 21, 0
0, 13, 22, 0
0, 13, 23, 0
0, 14, 0, 0
0, 14, 1, 0
0, 14, 2, 0
0, 14, 3, 34
0, 14, 4, 35
0, 14, 5, 0
0, 14, 6, 39
0, 14, 7, 81
0, 14, 8, 18
0, 14, 9, 0
0, 14, 10, 0
0, 14, 11, 0
0, 14, 12, 0
0, 14, 13, 1
0, 14, 14, 28
0, 14, 15, 40
0, 14, 16, 69
0, 14, 17, 51
0, 14, 18, 45
0, 14, 19, 14
0, 14, 20, 0
0, 14, 21, 0
0, 14, 22, 0
0, 14, 23, 0
0, 15, 0, 0
0, 15, 1, 0
0, 15, 2, 0
0, 15, 3, 21
0, 15, 4, 42
0, 15, 5, 10
0, 15, 6, 28
0, 15, 7, 92
0, 15, 8, 90
0, 15, 9, 47
0, 15, 10, 45
0, 15, 11, 46
0, 15, 12, 19
0, 15, 13, 24
0, 15, 14, 65
0, 15, 15, 63
0, 15, 16, 72
0, 15, 17, 60
0, 15, 18, 29
0, 15, 19, 11
0, 15, 20, 0
0, 15, 21, 0
0, 15, 22, 0
0, 15, 23, 0
0, 16, 0, 0
0, 16, 1, 0
0, 16, 2, 0
0, 16, 3, 16
0, 16, 4, 36
0, 16, 5, 29
0, 16, 6, 15
0, 16, 7, 44
0, 16, 8, 70
0, 16, 9, 61
0, 16, 10, 45
0, 16, 11, 54
0, 16, 12, 52
0, 16, 13, 32
0, 16, 14, 60
0, 16, 15, 99
0, 16, 16, 100
0, 16, 17, 67
0, 16, 18, 16
0, 16, 19, 8
0, 16, 20, 0
0, 16, 21, 0
0, 16, 22, 0
0, 16, 23, 0
0, 17, 0, 0
0, 17, 1, 0
0, 17, 2, 0
0, 17, 3, 2
0, 17, 4, 21
0, 17, 5, 39
0, 17, 6, 42
0, 17, 7, 49
0, 17, 8, 72
0, 17, 9, 85
0, 17, 10, 86
0, 17, 11, 87
0, 17, 12, 83
0, 17, 13, 52
0, 17, 14, 52
0, 17, 15, 91
0, 17, 16, 101
0, 17, 17, 68
0, 17, 18, 17
0, 17, 19, 0
0, 17, 20, 0
0, 17, 21, 0
0, 17, 22, 0
0, 17, 23, 0
0, 18, 0, 0
0, 18, 1, 0
0, 18, 2, 0
0, 18, 3, 0
0, 18, 4, 0
0, 18, 5, 3
0, 18, 6, 12
0, 18, 7, 13
0, 18, 8, 15
0, 18, 9, 23
0, 18, 10, 17
0, 18, 11, 10
0, 18, 12, 21
0, 18, 13, 19
0, 18, 14, 17
0, 18, 15, 49
0, 18, 16, 88
0, 18, 17, 64
0, 18, 18, 16
0, 18, 19, 0
0, 18, 20, 0
0, 18, 21, 0
0, 18, 22, 0
0, 18, 23, 0
0, 19, 0, 0
0, 19, 1, 0
0, 19, 2, 0
0, 19, 3, 0
0, 19, 4, 0
0, 19, 5, 0
0, 19, 6, 0
0, 19, 7, 0
0, 19, 8, 0
0, 19, 9, 0
0, 19, 10, 0
0, 19, 11, 0
0, 19, 12, 0
0, 19, 13, 3
0, 19, 14, 34
0, 19, 15, 54
0, 19, 16, 84
0, 19, 17, 68
0, 19, 18, 11
0, 19, 19, 3
0, 19, 20, 0
0, 19, 21, 0
0, 19, 22, 0
0, 19, 23, 0
0, 20, 0, 0
0, 20, 1, 0
0, 20, 2, 0
0, 20, 3, 0
0, 20, 4, 0
0, 20, 5, 0
0, 20, 6, 0
0, 20, 7, 0
0, 20, 8, 0
0, 20, 9, 0
0, 20, 10, 0
0, 20, 11, 0
0, 20, 12, 0
0, 20, 13, 14
0, 20, 14, 63
0, 20, 15, 46
0, 20, 16, 59
0, 20, 17, 75
0, 20, 18, 14
0, 20, 19, 0
0, 20, 20, 0
0, 20, 21, 0
0, 20, 22, 0
0, 20, 23, 0
0, 21, 0, 0
0, 21, 1, 0
0, 21, 2, 0
0, 21, 3, 0
0, 21, 4, 0
0, 21, 5, 0
0, 21, 6, 0
0, 21, 7, 0
0, 21, 8, 0
0, 21, 9, 0
0, 21, 10, 0
0, 21, 11, 0
0, 21, 12, 17
0, 21, 13, 35
0, 21, 14, 58
0, 21, 15, 50
0, 21, 16, 47
0, 21, 17, 72
0, 21, 18, 25
0, 21, 19, 0
0, 21, 20, 0
0, 21, 21, 0
0, 21, 22, 0
0, 21, 23, 0
0, 22, 0, 0
0, 22, 1, 0
0, 22, 2, 0
0, 22, 3, 0
0, 22, 4, 0
0, 22, 5, 0
0, 22, 6, 0
0, 22, 7, 0
0, 22, 8, 0
0, 22, 9, 0
0, 22, 10, 0
0, 22, 11, 0
0, 22, 12, 21
0, 22, 13, 32
0, 22, 14, 30
0, 22, 15, 54
0, 22, 16, 43
0, 22, 17, 52
0, 22, 18, 27
0, 22, 19, 0
0, 22, 20, 0
0, 22, 21, 0
0, 22, 22, 0
0, 22, 23, 0
0, 23, 0, 0
0, 23, 1, 0
0, 23, 2, 0
0, 23, 3, 0
0, 23, 4, 0
0, 23, 5, 0
0, 23, 6, 0
0, 23, 7, 0
0, 23, 8, 0
0, 23, 9, 0
0, 23, 10, 0
0, 23, 11, 0
0, 23, 12, 20
0, 23, 13, 39
0, 23, 14, 13
0, 23, 15, 29
0, 23, 16, 43
0, 23, 17, 32
0, 23, 18, 11
0, 23, 19, 0
0, 23, 20, 0
0, 23, 21, 0
0, 23, 22, 0
0, 23, 23, 0
1, 0, 0, 1
1, 0, 1, 1
1, 0, 2, 1
1, 0, 3, 1
1, 0, 4, 1
1, 0, 5, 1
1, 0, 6, 1
1, 0, 7, 1
1, 0, 8, 1
1, 0, 9, 1
1, 0, 10, 1
1, 0, 11, 1
1, 0, 12, 1
1, 0, 13, 1
1, 0, 14, 1
1, 0, 15, 1
1, 0, 16, 1
1, 0, 17, 1
1, 0, 18, 1
1, 0, 19, 1
1, 0, 20, 1
1, 0, 21, 1
1, 0, 22, 1
1, 0, 23, 1
1, 1, 0, 1
1, 1, 1, 1
1, 1, 2, 1
1, 1, 3, 1
1, 1, 4, 1
1, 1, 5, 1
1, 1, 6, 0
1, 1, 7, 0
1, 1, 8, 0
1, 1, 9, 0
1, 1, 10, 0
1, 1, 11, 0
1, 1, 12, 1
1, 1, 13, 1
1, 1, 14, 1
1, 1, 15, 0
1, 1, 16, 0
1, 1, 17, 0
1, 1, 18, 0
1, 1, 19, 0
1, 1, 20, 0
1, 1, 21, 1
1, 1, 22, 1
1, 1, 23, 1
1, 2, 0, 1
1, 2, 1, 1
1, 2, 2, 1
1, 2, 3, 1
1, 2, 4, 1
1, 2, 5, 1
1, 2, 6, 0
1, 2, 7, 0
1, 2, 8, 0
1, 2, 9, 0
1, 2, 10, 0
1, 2, 11, 0
1, 2, 12, 1
1, 2, 13, 1
1, 2, 14, 1
1, 2, 15, 0
1, 2, 16, 0
1, 2, 17, 0
1, 2, 18, 0
1, 2, 19, 0
1, 2, 20, 0
1, 2, 21, 1
1, 2, 22, 1
1, 2, 23, 1
1, 3, 0, 1
1, 3, 1, 1
1, 3, 2, 1
1, 3, 3, 1
1, 3, 4, 1
1, 3, 5, 0
1, 3, 6, 0
1, 3, 7, 0
1, 3, 8, 0
1, 3, 9, 0
1, 3, 10, 0
1, 3, 11, 0
1, 3, 12, 1
1, 3, 13, 1
1, 3, 14, 1
1, 3, 15, 0
1, 3, 16, 0
1, 3, 17, 0
1, 3, 18, 0
1, 3, 19, 0
1, 3, 20, 0
1, 3, 21, 0
1, 3, 22, 1
1, 3, 23, 1
1, 4, 0, 1
1, 4, 1, 1
1, 4, 2, 1
1, 4, 3, 1
1, 4, 4, 1
1, 4, 5, 0
1, 4, 6, 0
1, 4, 7, 0
1, 4, 8, 0
1, 4, 9, 0
1, 4, 10, 0
1, 4, 11, 16
1, 4, 12, 1
1, 4, 13, 1
1, 4, 14, 1
1, 4, 15, 13
1, 4, 16, 0
1, 4, 17, 0
1, 4, 18, 0
1, 4, 19, 0
1, 4, 20, 0
1, 4, 21, 0
1, 4, 22, 1
1, 4, 23, 1
1, 5, 0, 1
1, 5, 1, 1
1, 5, 2, 1
1, 5, 3, 1
1, 5, 4, 0
1, 5, 5, 0
1, 5, 6, 0
1, 5, 7, 0
1, 5, 8, 0
1, 5, 9, 0
1, 5, 10, 10
1, 5, 11, 12
1, 5, 12, 1
1, 5, 13, 1
1, 5, 14, 1
1, 5, 15, 6
1, 5, 16, 2
1, 5, 17, 0
1, 5, 18, 0
1, 5, 19, 0
1, 5, 20, 0
1, 5, 21, 0
1, 5, 22, 1
1, 5, 23, 1
1, 6, 0, 1
1, 6, 1, 1
1, 6, 2, 1
1, 6, 3, 1
1, 6, 4, 0
1, 6, 5, 0
1, 6, 6, 0
1, 6, 7, 0
1, 6, 8, 0
1, 6, 9, 17
1, 6, 10, 52
1, 6, 11, 3
1, 6, 12, 1
1, 6, 13, 1
1, 6, 14, 0
1, 6, 15, 0
1, 6, 16, 0
1, 6, 17, 0
1, 6, 18, 0
1, 6, 19, 0
1, 6, 20, 0
1, 6, 21, 1
1, 6, 22, 1
1, 6, 23, 1
1, 7, 0, 1
1, 7, 1, 1
1, 7, 2, 1
1, 7, 3, 0
1, 7, 4, 0
1, 7, 5, 0
1, 7, 6, 0
1, 7, 7, 0
1, 7, 8, 27
1, 7, 9, 66
1, 7, 10, 37
1, 7, 11, 0
1, 7, 12, 1
1, 7, 13, 1
1, 7, 14, 0
1, 7, 15, 0
1, 7, 16, 0
1, 7, 17, 0
1, 7, 18, 0
1, 7, 19, 0
1, 7, 20, 0
1, 7, 21, 2
1, 7, 22, 1
1, 7, 23, 1
1, 8, 0, 1
1, 8, 1, 1
1, 8, 2, 1
1, 8, 3, 0
1, 8, 4, 0
1, 8, 5, 0
1, 8, 6, 0
1, 8, 7, 0
1, 8, 8, 55
1, 8, 9, 62
1, 8, 10, 0
1, 8, 11, 0
1, 8, 12, 1
1, 8, 13, 0
1, 8, 14, 0
1, 8, 15, 0
1, 8, 16, 0
1, 8, 17, 0
1, 8, 18, 0
1, 8, 19, 5
1, 8, 20, 10
1, 8, 21, 1
1, 8, 22, 1
1, 8, 23, 1
1, 9, 0, 1
1, 9, 1, 1
1, 9, 2, 0
1, 9, 3, 0
1, 9, 4, 0
1, 9, 5, 0
1, 9, 6, 0
1, 9, 7, 22
1, 9, 8, 42
1, 9, 9, 22
1, 9, 10, 0
1, 9, 11, 0
1, 9, 12, 1
1, 9, 13, 0
1, 9, 14, 0
1, 9, 15, 0
1, 9, 16, 0
1, 9, 17, 0
1, 9, 18, 21
1, 9, 19, 31
1, 9, 20, 11
1, 9, 21, 0
1, 9, 22, 1
1, 9, 23, 1
1, 10, 0, 1
1, 10, 1, 1
1, 10, 2, 0
1, 10, 3, 0
1, 10, 4, 0
1, 10, 5, 0
1, 10, 6, 9
1, 10, 7, 34
1, 10, 8, 42
1, 10, 9, 0
1, 10, 10, 0
1, 10, 11, 1
1, 10, 12, 1
1, 10, 13, 0
1, 10, 14, 0
1, 10, 15, 0
1, 10, 16, 0
1, 10, 17, 14
1, 10, 18, 44
1, 10, 19, 31
1, 10, 20, 0
1, 10, 21, 0
1, 10, 22, 1
1, 10, 23, 1
1, 11, 0, 1
1, 11, 1, 1
1, 11, 2, 0
1, 11, 3, 9
1, 11, 4, 10
1, 11, 5, 0
1, 11, 6, 18
1, 11, 7, 35
1, 11, 8, 12
1, 11, 9, 0
1, 11, 10, 1
1, 11, 11, 1
1, 11, 12, 0
1, 11, 13, 0
1, 11, 14, 0
1, 11, 15, 0
1, 11, 16, 0
1, 11, 17, 16
1, 11, 18, 27
1, 11, 19, 13
1, 11, 20, 0
1, 11, 21, 0
1, 11, 22, 1
1, 11, 23, 1
1, 12, 0, 1
1, 12, 1, 1
1, 12, 2, 4
1, 12, 3, 29
1, 12, 4, 25
1, 12, 5, 0
1, 12, 6, 0
1, 12, 7, 0
1, 12, 8, 0
1, 12, 9, 0
1, 12, 10, 0
1, 12, 11, 0
1, 12, 12, 0
1, 12, 13, 0
1, 12, 14, 0
1, 12, 15, 0
1, 12, 16, 0
1, 12, 17, 6
1, 12, 18, 8
1, 12, 19, 0
1, 12, 20, 0
1, 12, 21, 1
1, 12, 22, 1
1, 12, 23, 1
1, 13, 0, 1
1, 13, 1, 1
1, 13, 2, 4
1, 13, 3, 38
1, 13, 4, 62
1, 13, 5, 0
1, 13, 6, 0
1, 13, 7, 0
1, 13, 8, 0
1, 13, 9, 0
1, 13, 10, 0
1, 13, 11, 0
1, 13, 12, 0
1, 13, 13, 0
1, 13, 14, 0
1, 13, 15, 0
1, 13, 16, 0
1, 13, 17, 0
1, 13, 18, 0
1, 13, 19, 1
1, 13, 20, 1
1, 13, 21, 1
1, 13, 22, 1
1, 13, 23, 1
1, 14, 0, 1
1, 14, 1, 1
1, 14, 2, 1
1, 14, 3, 42
1, 14, 4, 104
1, 14, 5, 77
1, 14, 6, 0
1, 14, 7, 0
1, 14, 8, 0
1, 14, 9, 0
1, 14, 10, 0
1, 14, 11, 0
1, 14, 12, 0
1, 14, 13, 0
1, 14, 14, 0
1, 14, 15, 0
1, 14, 16, 10
1, 14, 17, 7
1, 14, 18, 5
1, 14, 19, 1
1, 14, 20, 1
1, 14, 21, 1
1, 14, 22, 1
1, 14, 23, 1
1, 15, 0, 1
1, 15, 1, 1
1, 15, 2, 0
1, 15, 3, 21
1, 15, 4, 103
1, 15, 5, 127
1, 15, 6, 127
1, 15, 7, 90
1, 15, 8, 55
1, 15, 9, 47
1, 15, 10, 56
1, 15, 11, 75
1, 15, 12, 87
1, 15, 13, 75
1, 15, 14, 56
1, 15, 15, 16
1, 15, 16, 7
1, 15, 17, 0
1, 15, 18, 7
1, 15, 19, 0
1, 15, 20, 1
1, 15, 21, 1
1, 15, 22, 1
1, 15, 23, 1
1, 16, 0, 1
1, 16, 1, 1
1, 16, 2, 1
1, 16, 3, 3
1, 16, 4, 43
1, 16, 5, 105
1, 16, 6, 127
1, 16, 7, 127
1, 16, 8, 127
1, 16, 9, 127
1, 16, 10, 127
1, 16, 11, 127
1, 16, 12, 127
1, 16, 13, 127
1, 16, 14, 81
1, 16, 15, 0
1, 16, 16, 0
1, 16, 17, 0
1, 16, 18, 0
1, 16, 19, 0
1, 16, 20, 1
1, 16, 21, 1
1, 16, 22, 1
1, 16, 23, 1
1, 17, 0, 1
1, 17, 1, 1
1, 17, 2, 1
1, 17, 3, 0
1, 17, 4, 4
1, 17, 5, 28
1, 17, 6, 57
1, 17, 7, 74
1, 17, 8, 80
1, 17, 9, 83
1, 17, 10, 76
1, 17, 11, 60
1, 17, 12, 59
1, 17, 13, 51
1, 17, 14, 21
1, 17, 15, 0
1, 17, 16, 0
1, 17, 17, 0
1, 17, 18, 0
1, 17, 19, 3
1, 17, 20, 1
1, 17, 21, 1
1, 17, 22, 1
1, 17, 23, 1
1, 18, 0, 1
1, 18, 1, 1
1, 18, 2, 1
1, 18, 3, 1
1, 18, 4, 1
1, 18, 5, 0
1, 18, 6, 6
1, 18, 7, 14
1, 18, 8, 16
1, 18, 9, 14
1, 18, 10, 12
1, 18, 11, 1
1, 18, 12, 5
1, 18, 13, 24
1, 18, 14, 23
1, 18, 15, 0
1, 18, 16, 0
1, 18, 17, 0
1, 18, 18, 0
1, 18, 19, 2
1, 18, 20, 1
1, 18, 21, 1
1, 18, 22, 1
1, 18, 23, 1
1, 19, 0, 1
1, 19, 1, 1
1, 19, 2, 1
1, 19, 3, 1
1, 19, 4, 1
1, 19, 5, 1
1, 19, 6, 1
1, 19, 7, 1
1, 19, 8, 1
1, 19, 9, 1
1, 19, 10, 1
1, 19, 11, 1
1, 19, 12, 4
1, 19, 13, 11
1, 19, 14, 23
1, 19, 15, 5
1, 19, 16, 0
1, 19, 17, 0
1, 19, 18, 5
1, 19, 19, 0
1, 19, 20, 1
1, 19, 21, 1
1, 19, 22, 1
1, 19, 23, 1
1, 20, 0, 1
1, 20, 1, 1
1, 20, 2, 1
1, 20, 3, 1
1, 20, 4, 1
1, 20, 5, 1
1, 20, 6, 1
1, 20, 7, 1
1, 20, 8, 1
1, 20, 9, 1
1, 20, 10, 1
1, 20, 11, 1
1, 20, 12, 0
1, 20, 13, 20
1, 20, 14, 52
1, 20, 15, 34
1, 20, 16, 12
1, 20, 17, 28
1, 20, 18, 12
1, 20, 19, 1
1, 20, 20, 1
1, 20, 21, 1
1, 20, 22, 1
1, 20, 23, 1
1, 21, 0, 1
1, 21, 1, 1
1, 21, 2, 1
1, 21, 3, 1
1, 21, 4, 1
1, 21, 5, 1
1, 21, 6, 1
1, 21, 7, 1
1, 21, 8, 1
1, 21, 9, 1
1, 21, 10, 1
1, 21, 11, 1
1, 21, 12, 28
1, 21, 13, 72
1, 21, 14, 89
1, 21, 15, 93
1, 21, 16, 93
1, 21, 17, 51
1, 21, 18, 0
1, 21, 19, 1
1, 21, 20, 1
1, 21, 21, 1
1, 21, 22, 1
1, 21, 23, 1
1, 22, 0, 1
1, 22, 1, 1
1, 22, 2, 1
1, 22, 3, 1
1, 22, 4, 1
1, 22, 5, 1
1, 22, 6, 1
1, 22, 7, 1
1, 22, 8, 1
1, 22, 9, 1
1, 22, 10, 1
1, 22, 11, 1
1, 22, 12, 47
1, 22, 13, 86
1, 22, 14, 118
1, 22, 15, 127
1, 22, 16, 83
1, 22, 17, 17
1, 22, 18, 0
1, 22, 19, 1
1, 22, 20, 1
1, 22, 21, 1
1, 22, 22, 1
1, 22, 23, 1
1, 23, 0, 1
1, 23, 1, 1
1, 23, 2, 1
1, 23, 3, 1
1, 23, 4, 1
1, 23, 5, 1
1, 23, 6, 1
1, 23, 7, 1
1, 23, 8, 1
1, 23, 9, 1
1, 23, 10, 1
1, 23, 11, 1
1, 23, 12, 15
1, 23, 13, 65
1, 23, 14, 83
1, 23, 15, 71
1, 23, 16, 11
1, 23, 17, 0
1, 23, 18, 0
1, 23, 19, 1
1, 23, 20, 1
1, 23, 21, 1
1, 23, 22, 1
1, 23, 23, 1
2, 0, 0, 0
2, 0, 1, 0
2, 0, 2, 0
2, 0, 3, 0
2, 0, 4, 0
2, 0, 5, 0
2, 0, 6, 0
2, 0, 7, 0
2, 0, 8, 0
2, 0, 9, 0
2, 0, 10, 0
2, 0, 11, 0
2, 0, 12, 0
2, 0, 13, 0
2, 0, 14, 0
2, 0, 15, 0
2, 0, 16, 0
2, 0, 17, 0
2, 0, 18, 0
2, 0, 19, 0
2, 0, 20, 0
2, 0, 21, 0
2, 0, 22, 0
2, 0, 23, 0
2, 1, 0, 0
2, 1, 1, 0
2, 1, 2, 0
2, 1, 3, 0
2, 1, 4, 0
2, 1, 5, 0
2, 1, 6, 0
2, 1, 7, 0
2, 1, 8, 0
2, 1, 9, 0
2, 1, 10, 0
2, 1, 11, 4
2, 1, 12, 0
2, 1, 13, 0
2, 1, 14, 0
2, 1, 15, 0
2, 1, 16, 0
2, 1, 17, 0
2, 1, 18, 0
2, 1, 19, 0
2, 1, 20, 0
2, 1, 21, 0
2, 1, 22, 0
2, 1, 23, 0
2, 2, 0, 0
2, 2, 1, 0
2, 2, 2, 0
2, 2, 3, 0
2, 2, 4, 0
2, 2, 5, 0
2, 2, 6, 0
2, 2, 7, 0
2, 2, 8, 0
2, 2, 9, 0
2, 2, 10, 4
2, 2, 11, 31
2, 2, 12, 0
2, 2, 13, 0
2, 2, 14, 0
2, 2, 15, 0
2, 2, 16, 0
2, 2, 17, 0
2, 2, 18, 0
2, 2, 19, 3
2, 2, 20, 3
2, 2, 21, 0
2, 2, 22, 0
2, 2, 23, 0
2, 3, 0, 0
2, 3, 1, 0
2, 3, 2, 0
2, 3, 3, 0
2, 3, 4, 0
2, 3, 5, 0
2, 3, 6, 0
2, 3, 7, 0
2, 3, 8, 0
2, 3, 9, 0
2, 3, 10, 31
2, 3, 11, 50
2, 3, 12, 0
2, 3, 13, 0
2, 3, 14, 0
2, 3, 15, 0
2, 3, 16, 0
2, 3, 17, 0
2, 3, 18, 0
2, 3, 19, 18
2, 3, 20, 25
2, 3, 21, 0
2, 3, 22, 0
2, 3, 23, 0
2, 4, 0, 0
2, 4, 1, 0
2, 4, 2, 0
2, 4, 3, 0
2, 4, 4, 0
2, 4, 5, 0
2, 4, 6, 0
2, 4, 7, 0
2, 4, 8, 0
2, 4, 9, 5
2, 4, 10, 79
2, 4, 11, 42
2, 4, 12, 0
2, 4, 13, 0
2, 4, 14, 0
2, 4, 15, 0
2, 4, 16, 0
2, 4, 17, 0
2, 4, 18, 0
2, 4, 19, 29
2, 4, 20, 44
2, 4, 21, 0
2, 4, 22, 0
2, 4, 23, 0
2, 5, 0, 0
2, 5, 1, 0
2, 5, 2, 0
2, 5, 3, 0
2, 5, 4, 0
2, 5, 5, 0
2, 5, 6, 0
2, 5, 7, 19
2, 5, 8, 1
2, 5, 9, 66
2, 5, 10, 105
2, 5, 11, 36
2, 5, 12, 0
2, 5, 13, 0
2, 5, 14, 0
2, 5, 15, 0
2, 5, 16, 0
2, 5, 17, 0
2, 5, 18, 4
2, 5, 19, 59
2, 5, 20, 55
2, 5, 21, 0
2, 5, 22, 0
2, 5, 23, 0
2, 6, 0, 0
2, 6, 1, 0
2, 6, 2, 0
2, 6, 3, 0
2, 6, 4, 0
2, 6, 5, 0
2, 6, 6, 5
2, 6, 7, 23
2, 6, 8, 41
2, 6, 9, 110
2, 6, 10, 90
2, 6, 11, 13
2, 6, 12, 0
2, 6, 13, 0
2, 6, 14, 0
2, 6, 15, 0
2, 6, 16, 10
2, 6, 17, 0
2, 6, 18, 16
2, 6, 19, 94
2, 6, 20, 70
2, 6, 21, 0
2, 6, 22, 0
2, 6, 23, 0
2, 7, 0, 0
2, 7, 1, 0
2, 7, 2, 0
2, 7, 3, 0
2, 7, 4, 0
2, 7, 5, 0
2, 7, 6, 14
2, 7, 7, 32
2, 7, 8, 83
2, 7, 9, 127
2, 7, 10, 51
2, 7, 11, 2
2, 7, 12, 0
2, 7, 13, 0
2, 7, 14, 0
2, 7, 15, 0
2, 7, 16, 17
2, 7, 17, 0
2, 7, 18, 44
2, 7, 19, 116
2, 7, 20, 69
2, 7, 21, 0
2, 7, 22, 0
2, 7, 23, 0
2, 8, 0, 0
2, 8, 1, 0
2, 8, 2, 0
2, 8, 3, 0
2, 8, 4, 0
2, 8, 5, 4
2, 8, 6, 21
2, 8, 7, 60
2, 8, 8, 127
2, 8, 9, 96
2, 8, 10, 15
2, 8, 11, 0
2, 8, 12, 0
2, 8, 13, 0
2, 8, 14, 0
2, 8, 15, 0
2, 8, 16, 30
2, 8, 17, 11
2, 8, 18, 91
2, 8, 19, 125
2, 8, 20, 55
2, 8, 21, 0
2, 8, 22, 0
2, 8, 23, 0
2, 9, 0, 0
2, 9, 1, 0
2, 9, 2, 0
2, 9, 3, 0
2, 9, 4, 0
2, 9, 5, 24
2, 9, 6, 27
2, 9, 7, 105
2, 9, 8, 127
2, 9, 9, 50
2, 9, 10, 1
2, 9, 11, 0
2, 9, 12, 0
2, 9, 13, 0
2, 9, 14, 0
2, 9, 15, 7
2, 9, 16, 29
2, 9, 17, 46
2, 9, 18, 127
2, 9, 19, 122
2, 9, 20, 29
2, 9, 21, 0
2, 9, 22, 0
2, 9, 23, 0
2, 10, 0, 0
2, 10, 1, 0
2, 10, 2, 0
2, 10, 3, 0
2, 10, 4, 19
2, 10, 5, 25
2, 10, 6, 42
2, 10, 7, 127
2, 10, 8, 107
2, 10, 9, 13
2, 10, 10, 0
2, 10, 11, 0
2, 10, 12, 0
2, 10, 13, 0
2, 10, 14, 0
2, 10, 15, 19
2, 10, 16, 34
2, 10, 17, 83
2, 10, 18, 127
2, 10, 19, 102
2, 10, 20, 9
2, 10, 21, 0
2, 10, 22, 0
2, 10, 23, 0
2, 11, 0, 0
2, 11, 1, 0
2, 11, 2, 0
2, 11, 3, 0
2, 11, 4, 20
2, 11, 5, 34
2, 11, 6, 49
2, 11, 7, 127
2, 11, 8, 82
2, 11, 9, 1
2, 11, 10, 0
2, 11, 11, 0
2, 11, 12, 0
2, 11, 13, 0
2, 11, 14, 3
2, 11, 15, 21
2, 11, 16, 42
2, 11, 17, 118
2, 11, 18, 127
2, 11, 19, 66
2, 11, 20, 0
2, 11, 21, 0
2, 11, 22, 0
2, 11, 23, 0
2, 12, 0, 0
2, 12, 1, 0
2, 12, 2, 0
2, 12, 3, 11
2, 12, 4, 30
2, 12, 5, 0
2, 12, 6, 48
2, 12, 7, 90
2, 12, 8, 46
2, 12, 9, 0
2, 12, 10, 0
2, 12, 11, 0
2, 12, 12, 0
2, 12, 13, 0
2, 12, 14, 10
2, 12, 15, 40
2, 12, 16, 67
2, 12, 17, 127
2, 12, 18, 124
2, 12, 19, 40
2, 12, 20, 0
2, 12, 21, 0
2, 12, 22, 0
2, 12, 23, 0
2, 13, 0, 0
2, 13, 1, 0
2, 13, 2, 0
2, 13, 3, 33
2, 13, 4, 38
2, 13, 5, 20
2, 13, 6, 31
2, 13, 7, 49
2, 13, 8, 23
2, 13, 9, 0
2, 13, 10, 0
2, 13, 11, 0
2, 13, 12, 0
2, 13, 13, 12
2, 13, 14, 50
2, 13, 15, 82
2, 13, 16, 97
2, 13, 17, 127
2, 13, 18, 112
2, 13, 19, 21
2, 13, 20, 0
2, 13, 21, 0
2, 13, 22, 0
2, 13, 23, 0
2, 14, 0, 0
2, 14, 1, 0
2, 14, 2, 0
2, 14, 3, 26
2, 14, 4, 48
2, 14, 5, 40
2, 14, 6, 67
2, 14, 7, 75
2, 14, 8, 61
2, 14, 9, 52
2, 14, 10, 53
2, 14, 11, 55
2, 14, 12, 43
2, 14, 13, 67
2, 14, 14, 69
2, 14, 15, 88
2, 14, 16, 122
2, 14, 17, 127
2, 14, 18, 99
2, 14, 19, 6
2, 14, 20, 0
2, 14, 21, 0
2, 14, 22, 0
2, 14, 23, 0
2, 15, 0, 0
2, 15, 1, 0
2, 15, 2, 0
2, 15, 3, 19
2, 15, 4, 34
2, 15, 5, 44
2, 15, 6, 60
2, 15, 7, 71
2, 15, 8, 61
2, 15, 9, 47
2, 15, 10, 48
2, 15, 11, 51
2, 15, 12, 55
2, 15, 13, 78
2, 15, 14, 79
2, 15, 15, 87
2, 15, 16, 112
2, 15, 17, 127
2, 15, 18, 91
2, 15, 19, 0
2, 15, 20, 0
2, 15, 21, 0
2, 15, 22, 0
2, 15, 23, 0
2, 16, 0, 0
2, 16, 1, 0
2, 16, 2, 0
2, 16, 3, 5
2, 16, 4, 33
2, 16, 5, 52
2, 16, 6, 69
2, 16, 7, 95
2, 16, 8, 99
2, 16, 9, 95
2, 16, 10, 96
2, 16, 11, 97
2, 16, 12, 100
2, 16, 13, 105
2, 16, 14, 97
2, 16, 15, 91
2, 16, 16, 111
2, 16, 17, 127
2, 16, 18, 81
2, 16, 19, 0
2, 16, 20, 0
2, 16, 21, 0
2, 16, 22, 0
2, 16, 23, 0
2, 17, 0, 0
2, 17, 1, 0
2, 17, 2, 0
2, 17, 3, 0
2, 17, 4, 3
2, 17, 5, 24
2, 17, 6, 44
2, 17, 7, 63
2, 17, 8, 84
2, 17, 9, 94
2, 17, 10, 85
2, 17, 11, 84
2, 17, 12, 85
2, 17, 13, 77
2, 17, 14, 80
2, 17, 15, 71
2, 17, 16, 110
2, 17, 17, 127
2, 17, 18, 75
2, 17, 19, 0
2, 17, 20, 0
2, 17, 21, 0
2, 17, 22, 0
2, 17, 23, 0
2, 18, 0, 0
2, 18, 1, 0
2, 18, 2, 0
2, 18, 3, 0
2, 18, 4, 0
2, 18, 5, 0
2, 18, 6, 0
2, 18, 7, 1
2, 18, 8, 7
2, 18, 9, 12
2, 18, 10, 6
2, 18, 11, 2
2, 18, 12, 13
2, 18, 13, 32
2, 18, 14, 43
2, 18, 15, 51
2, 18, 16, 103
2, 18, 17, 127
2, 18, 18, 78
2, 18, 19, 0
2, 18, 20, 0
2, 18, 21, 0
2, 18, 22, 0
2, 18, 23, 0
2, 19, 0, 0
2, 19, 1, 0
2, 19, 2, 0
2, 19, 3, 0
2, 19, 4, 0
2, 19, 5, 0
2, 19, 6, 0
2, 19, 7, 0
2, 19, 8, 0
2, 19, 9, 0
2, 19, 10, 0
2, 19, 11, 0
2, 19, 12, 0
2, 19, 13, 26
2, 19, 14, 49
2, 19, 15, 50
2, 19, 16, 122
2, 19, 17, 127
2, 19, 18, 63
2, 19, 19, 0
2, 19, 20, 0
2, 19, 21, 0
2, 19, 22, 0
2, 19, 23, 0
2, 20, 0, 0
2, 20, 1, 0
2, 20, 2, 0
2, 20, 3, 0
2, 20, 4, 0
2, 20, 5, 0
2, 20, 6, 0
2, 20, 7, 0
2, 20, 8, 0
2, 20, 9, 0
2, 20, 10, 0
2, 20, 11, 0
2, 20, 12, 3
2, 20, 13, 44
2, 20, 14, 59
2, 20, 15, 65
2, 20, 16, 127
2, 20, 17, 113
2, 20, 18, 35
2, 20, 19, 0
2, 20, 20, 0
2, 20, 21, 0
2, 20, 22, 0
2, 20, 23, 0
2, 21, 0, 0
2, 21, 1, 0
2, 21, 2, 0
2, 21, 3, 0
2, 21, 4, 0
2, 21, 5, 0
2, 21, 6, 0
2, 21, 7, 0
2, 21, 8, 0
2, 21, 9, 0
2, 21, 10, 0
2, 21, 11, 0
2, 21, 12, 17
2, 21, 13, 44
2, 21, 14, 63
2, 21, 15, 66
2, 21, 16, 119
2, 21, 17, 77
2, 21, 18, 11
2, 21, 19, 0
2, 21, 20, 0
2, 21, 21, 0
2, 21, 22, 0
2, 21, 23, 0
2, 22, 0, 0
2, 22, 1, 0
2, 22, 2, 0
2, 22, 3, 0
2, 22, 4, 0
2, 22, 5, 0
2, 22, 6, 0
2, 22, 7, 0
2, 22, 8, 0
2, 22, 9, 0
2, 22, 10, 0
2, 22, 11, 0
2, 22, 12, 13
2, 22, 13, 43
2, 22, 14, 49
2, 22, 15, 71
2, 22, 16, 80
2, 22, 17, 34
2, 22, 18, 2
2, 22, 19, 0
2, 22, 20, 0
2, 22, 21, 0
2, 22, 22, 0
2, 22, 23, 0
2, 23, 0, 0
2, 23, 1, 0
2, 23, 2, 0
2, 23, 3, 0
2, 23, 4, 0
2, 23, 5, 0
2, 23, 6, 0
2, 23, 7, 0
2, 23, 8, 0
2, 23, 9, 0
2, 23, 10, 0
2, 23, 11, 0
2, 23, 12, 23
2, 23, 13, 25
2, 23, 14, 37
2, 23, 15, 47
2, 23, 16, 30
2, 23, 17, 7
2, 23, 18, 0
2, 23, 19, 0
2, 23, 20, 0
2, 23, 21, 0
2, 23, 22, 0
2, 23, 23, 0
3, 0, 0, 0
3, 0, 1, 0
3, 0, 2, 0
3, 0, 3, 0
3, 0, 4, 0
3, 0, 5, 0
3, 0, 6, 0
3, 0, 7, 0
3, 0, 8, 0
3, 0, 9, 0
3, 0, 10, 0
3, 0, 11, 0
3, 0, 12, 0
3, 0, 13, 0
3, 0, 14, 0
3, 0, 15, 0
3, 0, 16, 0
3, 0, 17, 0
3, 0, 18, 0
3, 0, 19, 0
3, 0, 20, 0
3, 0, 21, 0
3, 0, 22, 0
3, 0, 23, 0
3, 1, 0, 0
3, 1, 1, 0
3, 1, 2, 0
3, 1, 3, 0
3, 1, 4, 0
3, 1, 5, 0
3, 1, 6, 0
3, 1, 7, 0
3, 1, 8, 0
3, 1, 9, 3
3, 1, 10, 0
3, 1, 11, 0
3, 1, 12, 0
3, 1, 13, 0
3, 1, 14, 0
3, 1, 15, 0
3, 1, 16, 0
3, 1, 17, 0
3, 1, 18, 1
3, 1, 19, 0
3, 1, 20, 0
3, 1, 21, 0
3, 1, 22, 0
3, 1, 23, 0
3, 2, 0, 0
3, 2, 1, 0
3, 2, 2, 0
3, 2, 3, 0
3, 2, 4, 0
3, 2, 5, 0
3, 2, 6, 0
3, 2, 7, 0
3, 2, 8, 0
3, 2, 9, 2
3, 2, 10, 0
3, 2, 11, 0
3, 2, 12, 0
3, 2, 13, 0
3, 2, 14, 0
3, 2, 15, 0
3, 2, 16, 0
3, 2, 17, 0
3, 2, 18, 0
3, 2, 19, 0
3, 2, 20, 0
3, 2, 21, 0
3, 2, 22, 0
3, 2, 23, 0
3, 3, 0, 0
3, 3, 1, 0
3, 3, 2, 0
3, 3, 3, 0
3, 3, 4, 0
3, 3, 5, 0
3, 3, 6, 0
3, 3, 7, 4
3, 3, 8, 0
3, 3, 9, 8
3, 3, 10, 0
3, 3, 11, 0
3, 3, 12, 0
3, 3, 13, 0
3, 3, 14, 0
3, 3, 15, 7
3, 3, 16, 0
3, 3, 17, 0
3, 3, 18, 0
3, 3, 19, 0
3, 3, 20, 0
3, 3, 21, 0
3, 3, 22, 0
3, 3, 23, 0
3, 4, 0, 0
3, 4, 1, 0
3, 4, 2, 0
3, 4, 3, 0
3, 4, 4, 0
3, 4, 5, 0
3, 4, 6, 1
3, 4, 7, 32
3, 4, 8, 14
3, 4, 9, 25
3, 4, 10, 0
3, 4, 11, 0
3, 4, 12, 0
3, 4, 13, 0
3, 4, 14, 0
3, 4, 15, 25
3, 4, 16, 13
3, 4, 17, 0
3, 4, 18, 26
3, 4, 19, 0
3, 4, 20, 0
3, 4, 21, 0
3, 4, 22, 0
3, 4, 23, 0
3, 5, 0, 0
3, 5, 1, 0
3, 5, 2, 0
3, 5, 3, 0
3, 5, 4, 0
3, 5, 5, 0
3, 5, 6, 5
3, 5, 7, 54
3, 5, 8, 32
3, 5, 9, 8
3, 5, 10, 0
3, 5, 11, 0
3, 5, 12, 0
3, 5, 13, 0
3, 5, 14, 0
3, 5, 15, 16
3, 5, 16, 24
3, 5, 17, 0
3, 5, 18, 40
3, 5, 19, 0
3, 5, 20, 0
3, 5, 21, 0
3, 5, 22, 0
3, 5, 23, 0
3, 6, 0, 0
3, 6, 1, 0
3, 6, 2, 0
3, 6, 3, 0
3, 6, 4, 0
3, 6, 5, 0
3, 6, 6, 35
3, 6, 7, 64
3, 6, 8, 11
3, 6, 9, 9
3, 6, 10, 6
3, 6, 11, 0
3, 6, 12, 0
3, 6, 13, 0
3, 6, 14, 0
3, 6, 15, 9
3, 6, 16, 26
3, 6, 17, 4
3, 6, 18, 28
3, 6, 19, 0
3, 6, 20, 0
3, 6, 21, 0
3, 6, 22, 0
3, 6, 23, 0
3, 7, 0, 0
3, 7, 1, 0
3, 7, 2, 0
3, 7, 3, 0
3, 7, 4, 0
3, 7, 5, 8
3, 7, 6, 57
3, 7, 7, 38
3, 7, 8, 12
3, 7, 9, 16
3, 7, 10, 0
3, 7, 11, 0
3, 7, 12, 0
3, 7, 13, 0
3, 7, 14, 0
3, 7, 15, 13
3, 7, 16, 41
3, 7, 17, 22
3, 7, 18, 24
3, 7, 19, 0
3, 7, 20, 0
3, 7, 21, 0
3, 7, 22, 0
3, 7, 23, 0
3, 8, 0, 0
3, 8, 1, 0
3, 8, 2, 0
3, 8, 3, 0
3, 8, 4, 0
3, 8, 5, 41
3, 8, 6, 44
3, 8, 7, 24
3, 8, 8, 14
3, 8, 9, 0
3, 8, 10, 0
3, 8, 11, 0
3, 8, 12, 0
3, 8, 13, 0
3, 8, 14, 0
3, 8, 15, 19
3, 8, 16, 60
3, 8, 17, 35
3, 8, 18, 25
3, 8, 19, 0
3, 8, 20, 0
3, 8, 21, 0
3, 8, 22, 0
3, 8, 23, 0
3, 9, 0, 0
3, 9, 1, 0
3, 9, 2, 0
3, 9, 3, 0
3, 9, 4, 18
3, 9, 5, 55
3, 9, 6, 45
3, 9, 7, 21
3, 9, 8, 0
3, 9, 9, 0
3, 9, 10, 0
3, 9, 11, 0
3, 9, 12, 0
3, 9, 13, 0
3, 9, 14, 0
3, 9, 15, 32
3, 9, 16, 64
3, 9, 17, 36
3, 9, 18, 19
3, 9, 19, 0
3, 9, 20, 0
3, 9, 21, 0
3, 9, 22, 0
3, 9, 23, 0
3, 10, 0, 0
3, 10, 1, 0
3, 10, 2, 0
3, 10, 3, 18
3, 10, 4, 39
3, 10, 5, 52
3, 10, 6, 52
3, 10, 7, 9
3, 10, 8, 0
3, 10, 9, 0
3, 10, 10, 0
3, 10, 11, 0
3, 10, 12, 0
3, 10, 13, 0
3, 10, 14, 18
3, 10, 15, 47
3, 10, 16, 46
3, 10, 17, 39
3, 10, 18, 5
3, 10, 19, 0
3, 10, 20, 0
3, 10, 21, 0
3, 10, 22, 0
3, 10, 23, 0
3, 11, 0, 0
3, 11, 1, 0
3, 11, 2, 1
3, 11, 3, 43
3, 11, 4, 45
3, 11, 5, 27
3, 11, 6, 49
3, 11, 7, 3
3, 11, 8, 0
3, 11, 9, 0
3, 11, 10, 0
3, 11, 11, 0
3, 11, 12, 0
3, 11, 13, 6
3, 11, 14, 27
3, 11, 15, 55
3, 11, 16, 46
3, 11, 17, 25
3, 11, 18, 0
3, 11, 19, 0
3, 11, 20, 0
3, 11, 21, 0
3, 11, 22, 0
3, 11, 23, 0
3, 12, 0, 0
3, 12, 1, 0
3, 12, 2, 4
3, 12, 3, 58
3, 12, 4, 37
3, 12, 5, 0
3, 12, 6, 26
3, 12, 7, 0
3, 12, 8, 0
3, 12, 9, 0
3, 12, 10, 0
3, 12, 11, 0
3, 12, 12, 0
3, 12, 13, 0
3, 12, 14, 26
3, 12, 15, 37
3, 12, 16, 25
3, 12, 17, 9
3, 12, 18, 0
3, 12, 19, 0
3, 12, 20, 0
3, 12, 21, 0
3, 12, 22, 0
3, 12, 23, 0
3, 13, 0, 0
3, 13, 1, 0
3, 13, 2, 2
3, 13, 3, 61
3, 13, 4, 59
3, 13, 5, 7
3, 13, 6, 0
3, 13, 7, 0
3, 13, 8, 0
3, 13, 9, 0
3, 13, 10, 0
3, 13, 11, 0
3, 13, 12, 0
3, 13, 13, 0
3, 13, 14, 6
3, 13, 15, 9
3, 13, 16, 27
3, 13, 17, 0
3, 13, 18, 0
3, 13, 19, 0
3, 13, 20, 0
3, 13, 21, 0
3, 13, 22, 0
3, 13, 23, 0
3, 14, 0, 0
3, 14, 1, 0
3, 14, 2, 0
3, 14, 3, 49
3, 14, 4, 86
3, 14, 5, 76
3, 14, 6, 63
3, 14, 7, 14
3, 14, 8, 0
3, 14, 9, 0
3, 14, 10, 0
3, 14, 11, 12
3, 14, 12, 9
3, 14, 13, 21
3, 14, 14, 42
3, 14, 15, 45
3, 14, 16, 47
3, 14, 17, 0
3, 14, 18, 0
3, 14, 19, 0
3, 14, 20, 0
3, 14, 21, 0
3, 14, 22, 0
3, 14, 23, 0
3, 15, 0, 0
3, 15, 1, 0
3, 15, 2, 0
3, 15, 3, 21
3, 15, 4, 61
3, 15, 5, 95
3, 15, 6, 114
3, 15, 7, 114
3, 15, 8, 110
3, 15, 9, 109
3, 15, 10, 110
3, 15, 11, 116
3, 15, 12, 119
3, 15, 13, 114
3, 15, 14, 111
3, 15, 15, 60
3, 15, 16, 34
3, 15, 17, 0
3, 15, 18, 0
3, 15, 19, 0
3, 15, 20, 0
3, 15, 21, 0
3, 15, 22, 0
3, 15, 23, 0
3, 16, 0, 0
3, 16, 1, 0
3, 16, 2, 0
3, 16, 3, 2
3, 16, 4, 15
3, 16, 5, 37
3, 16, 6, 57
3, 16, 7, 65
3, 16, 8, 76
3, 16, 9, 89
3, 16, 10, 82
3, 16, 11, 75
3, 16, 12, 95
3, 16, 13, 84
3, 16, 14, 74
3, 16, 15, 33
3, 16, 16, 18
3, 16, 17, 0
3, 16, 18, 0
3, 16, 19, 0
3, 16, 20, 0
3, 16, 21, 0
3, 16, 22, 0
3, 16, 23, 0
3, 17, 0, 0
3, 17, 1, 0
3, 17, 2, 0
3, 17, 3, 0
3, 17, 4, 0
3, 17, 5, 2
3, 17, 6, 4
3, 17, 7, 0
3, 17, 8, 0
3, 17, 9, 0
3, 17, 10, 0
3, 17, 11, 0
3, 17, 12, 2
3, 17, 13, 12
3, 17, 14, 28
3, 17, 15, 19
3, 17, 16, 18
3, 17, 17, 0
3, 17, 18, 0
3, 17, 19, 0
3, 17, 20, 0
3, 17, 21, 0
3, 17, 22, 0
3, 17, 23, 0
3, 18, 0, 0
3, 18, 1, 0
3, 18, 2, 0
3, 18, 3, 0
3, 18, 4, 0
3, 18, 5, 0
3, 18, 6, 0
3, 18, 7, 0
3, 18, 8, 0
3, 18, 9, 0
3, 18, 10, 0
3, 18, 11, 0
3, 18, 12, 14
3, 18, 13, 40
3, 18, 14, 58
3, 18, 15, 36
3, 18, 16, 24
3, 18, 17, 0
3, 18, 18, 0
3, 18, 19, 0
3, 18, 20, 0
3, 18, 21, 0
3, 18, 22, 0
3, 18, 23, 0
3, 19, 0, 0
3, 19, 1, 0
3, 19, 2, 0
3, 19, 3, 0
3, 19, 4, 0
3, 19, 5, 0
3, 19, 6, 0
3, 19, 7, 0
3, 19, 8, 0
3, 19, 9, 0
3, 19, 10, 0
3, 19, 11, 0
3, 19, 12, 17
3, 19, 13, 37
3, 19, 14, 72
3, 19, 15, 51
3, 19, 16, 12
3, 19, 17, 0
3, 19, 18, 0
3, 19, 19, 0
3, 19, 20, 0
3, 19, 21, 0
3, 19, 22, 0
3, 19, 23, 0
3, 20, 0, 0
3, 20, 1, 0
3, 20, 2, 0
3, 20, 3, 0
3, 20, 4, 0
3, 20, 5, 0
3, 20, 6, 0
3, 20, 7, 0
3, 20, 8, 0
3, 20, 9, 0
3, 20, 10, 0
3, 20, 11, 0
3, 20, 12, 25
3, 20, 13, 55
3, 20, 14, 97
3, 20, 15, 54
3, 20, 16, 9
3, 20, 17, 0
3, 20, 18, 0
3, 20, 19, 0
3, 20, 20, 0
3, 20, 21, 0
3, 20, 22, 0
3, 20, 23, 0
3, 21, 0, 0
3, 21, 1, 0
3, 21, 2, 0
3, 21, 3, 0
3, 21, 4, 0
3, 21, 5, 0
3, 21, 6, 0
3, 21, 7, 0
3, 21, 8, 0
3, 21, 9, 0
3, 21, 10, 0
3, 21, 11, 0
3, 21, 12, 58
3, 21, 13, 81
3, 21, 14, 81
3, 21, 15, 57
3, 21, 16, 39
3, 21, 17, 3
3, 21, 18, 0
3, 21, 19, 0
3, 21, 20, 0
3, 21, 21, 0
3, 21, 22, 0
3, 21, 23, 0
3, 22, 0, 0
3, 22, 1, 0
3, 22, 2, 0
3, 22, 3, 0
3, 22, 4, 0
3, 22, 5, 0
3, 22, 6, 0
3, 22, 7, 0
3, 22, 8, 0
3, 22, 9, 0
3, 22, 10, 0
3, 22, 11, 0
3, 22, 12, 52
3, 22, 13, 53
3, 22, 14, 43
3, 22, 15, 62
3, 22, 16, 15
3, 22, 17, 0
3, 22, 18, 0
3, 22, 19, 0
3, 22, 20, 0
3, 22, 21, 0
3, 22, 22, 0
3, 22, 23, 0
3, 23, 0, 0
3, 23, 1, 0
3, 23, 2, 0
3, 23, 3, 0
3, 23, 4, 0
3, 23, 5, 0
3, 23, 6, 0
3, 23, 7, 0
3, 23, 8, 0
3, 23, 9, 0
3, 23, 10, 0
3, 23, 11, 0
3, 23, 12, 14
3, 23, 13, 11
3, 23, 14, 12
3, 23, 15, 13
3, 23, 16, 0
3, 23, 17, 0
3, 23, 18, 0
3, 23, 19, 0
3, 23, 20, 0
3, 23, 21, 0
3, 23, 22, 0
3, 23, 23, 0
4, 0, 0, 14
4, 0, 1, 14
4, 0, 2, 14
4, 0, 3, 14
4, 0, 4, 14
4, 0, 5, 14
4, 0, 6, 14
4, 0, 7, 14
4, 0, 8, 14
4, 0, 9, 14
4, 0, 10, 14
4, 0, 11, 14
4, 0, 12, 14
4, 0, 13, 14
4, 0, 14, 14
4, 0, 15, 14
4, 0, 16, 14
4, 0, 17, 14
4, 0, 18, 14
4, 0, 19, 14
4, 0, 20, 14
4, 0, 21, 14
4, 0, 22, 14
4, 0, 23, 14
4, 1, 0, 14
4, 1, 1, 14
4, 1, 2, 14
4, 1, 3, 14
4, 1, 4, 14
4, 1, 5, 14
4, 1, 6, 19
4, 1, 7, 47
4, 1, 8, 52
4, 1, 9, 44
4, 1, 10, 37
4, 1, 11, 11
4, 1, 12, 14
4, 1, 13, 14
4, 1, 14, 14
4, 1, 15, 22
4, 1, 16, 27
4, 1, 17, 26
4, 1, 18, 24
4, 1, 19, 16
4, 1, 20, 13
4, 1, 21, 14
4, 1, 22, 14
4, 1, 23, 14
4, 2, 0, 14
4, 2, 1, 14
4, 2, 2, 14
4, 2, 3, 14
4, 2, 4, 14
4, 2, 5, 14
4, 2, 6, 31
4, 2, 7, 81
4, 2, 8, 89
4, 2, 9, 66
4, 2, 10, 32
4, 2, 11, 0
4, 2, 12, 14
4, 2, 13, 14
4, 2, 14, 14
4, 2, 15, 36
4, 2, 16, 65
4, 2, 17, 62
4, 2, 18, 51
4, 2, 19, 22
4, 2, 20, 8
4, 2, 21, 14
4, 2, 22, 14
4, 2, 23, 14
4, 3, 0, 14
4, 3, 1, 14
4, 3, 2, 14
4, 3, 3, 14
4, 3, 4, 14
4, 3, 5, 14
4, 3, 6, 51
4, 3, 7, 127
4, 3, 8, 114
4, 3, 9, 50
4, 3, 10, 0
4, 3, 11, 0
4, 3, 12, 14
4, 3, 13, 14
4, 3, 14, 14
4, 3, 15, 44
4, 3, 16, 90
4, 3, 17, 80
4, 3, 18, 47
4, 3, 19, 1
4, 3, 20, 0
4, 3, 21, 13
4, 3, 22, 14
4, 3, 23, 14
4, 4, 0, 14
4, 4, 1, 14
4, 4, 2, 14
4, 4, 3, 14
4, 4, 4, 14
4, 4, 5, 22
4, 4, 6, 81
4, 4, 7, 127
4, 4, 8, 58
4, 4, 9, 0
4, 4, 10, 0
4, 4, 11, 0
4, 4, 12, 14
4, 4, 13, 14
4, 4, 14, 14
4, 4, 15, 49
4, 4, 16, 104
4, 4, 17, 65
4, 4, 18, 7
4, 4, 19, 0
4, 4, 20, 0
4, 4, 21, 12
4, 4, 22, 14
4, 4, 23, 14
4, 5, 0, 14
4, 5, 1, 14
4, 5, 2, 14
4, 5, 3, 14
4, 5, 4, 19
4, 5, 5, 53
4, 5, 6, 116
4, 5, 7, 83
4, 5, 8, 0
4, 5, 9, 0
4, 5, 10, 0
4, 5, 11, 0
4, 5, 12, 14
4, 5, 13, 14
4, 5, 14, 14
4, 5, 15, 40
4, 5, 16, 88
4, 5, 17, 34
4, 5, 18, 0
4, 5, 19, 0
4, 5, 20, 0
4, 5, 21, 9
4, 5, 22, 14
4, 5, 23, 14
4, 6, 0, 14
4, 6, 1, 14
4, 6, 2, 14
4, 6, 3, 14
4, 6, 4, 37
4, 6, 5, 98
4, 6, 6, 126
4, 6, 7, 29
4, 6, 8, 0
4, 6, 9, 0
4, 6, 10, 0
4, 6, 11, 0
4, 6, 12, 14
4, 6, 13, 14
4, 6, 14, 16
4, 6, 15, 43
4, 6, 16, 78
4, 6, 17, 37
4, 6, 18, 0
4, 6, 19, 0
4, 6, 20, 0
4, 6, 21, 4
4, 6, 22, 14
4, 6, 23, 14
4, 7, 0, 14
4, 7, 1, 14
4, 7, 2, 14
4, 7, 3, 23
4, 7, 4, 72
4, 7, 5, 127
4, 7, 6, 106
4, 7, 7, 0
4, 7, 8, 0
4, 7, 9, 0
4, 7, 10, 0
4, 7, 11, 0
4, 7, 12, 14
4, 7, 13, 14
4, 7, 14, 31
4, 7, 15, 86
4, 7, 16, 97
4, 7, 17, 11
4, 7, 18, 0
4, 7, 19, 0
4, 7, 20, 0
4, 7, 21, 2
4, 7, 22, 14
4, 7, 23, 14
4, 8, 0, 14
4, 8, 1, 14
4, 8, 2, 14
4, 8, 3, 40
4, 8, 4, 113
4, 8, 5, 127
4, 8, 6, 4
4, 8, 7, 0
4, 8, 8, 0
4, 8, 9, 0
4, 8, 10, 0
4, 8, 11, 10
4, 8, 12, 14
4, 8, 13, 17
4, 8, 14, 58
4, 8, 15, 120
4, 8, 16, 77
4, 8, 17, 0
4, 8, 18, 0
4, 8, 19, 0
4, 8, 20, 0
4, 8, 21, 4
4, 8, 22, 14
4, 8, 23, 14
4, 9, 0, 14
4, 9, 1, 14
4, 9, 2, 15
4, 9, 3, 64
4, 9, 4, 127
4, 9, 5, 72
4, 9, 6, 0
4, 9, 7, 0
4, 9, 8, 0
4, 9, 9, 0
4, 9, 10, 0
4, 9, 11, 13
4, 9, 12, 14
4, 9, 13, 32
4, 9, 14, 99
4, 9, 15, 127
4, 9, 16, 23
4, 9, 17, 0
4, 9, 18, 0
4, 9, 19, 0
4, 9, 20, 0
4, 9, 21, 8
4, 9, 22, 14
4, 9, 23, 14
4, 10, 0, 14
4, 10, 1, 14
4, 10, 2, 17
4, 10, 3, 82
4, 10, 4, 108
4, 10, 5, 0
4, 10, 6, 0
4, 10, 7, 0
4, 10, 8, 0
4, 10, 9, 0
4, 10, 10, 13
4, 10, 11, 14
4, 10, 12, 14
4, 10, 13, 47
4, 10, 14, 124
4, 10, 15, 104
4, 10, 16, 0
4, 10, 17, 0
4, 10, 18, 0
4, 10, 19, 0
4, 10, 20, 0
4, 10, 21, 12
4, 10, 22, 14
4, 10, 23, 14
4, 11, 0, 14
4, 11, 1, 14
4, 11, 2, 18
4, 11, 3, 68
4, 11, 4, 59
4, 11, 5, 0
4, 11, 6, 0
4, 11, 7, 0
4, 11, 8, 0
4, 11, 9, 0
4, 11, 10, 14
4, 11, 11, 14
4, 11, 12, 16
4, 11, 13, 73
4, 11, 14, 123
4, 11, 15, 45
4, 11, 16, 0
4, 11, 17, 0
4, 11, 18, 0
4, 11, 19, 0
4, 11, 20, 0
4, 11, 21, 13
4, 11, 22, 14
4, 11, 23, 14
4, 12, 0, 14
4, 12, 1, 14
4, 12, 2, 16
4, 12, 3, 41
4, 12, 4, 14
4, 12, 5, 0
4, 12, 6, 0
4, 12, 7, 0
4, 12, 8, 0
4, 12, 9, 50
4, 12, 10, 59
4, 12, 11, 69
4, 12, 12, 85
4, 12, 13, 127
4, 12, 14, 127
4, 12, 15, 0
4, 12, 16, 0
4, 12, 17, 0
4, 12, 18, 0
4, 12, 19, 0
4, 12, 20, 13
4, 12, 21, 14
4, 12, 22, 14
4, 12, 23, 14
4, 13, 0, 14
4, 13, 1, 14
4, 13, 2, 11
4, 13, 3, 1
4, 13, 4, 0
4, 13, 5, 0
4, 13, 6, 0
4, 13, 7, 0
4, 13, 8, 36
4, 13, 9, 127
4, 13, 10, 127
4, 13, 11, 127
4, 13, 12, 127
4, 13, 13, 127
4, 13, 14, 113
4, 13, 15, 0
4, 13, 16, 0
4, 13, 17, 0
4, 13, 18, 0
4, 13, 19, 0
4, 13, 20, 14
4, 13, 21, 14
4, 13, 22, 14
4, 13, 23, 14
4, 14, 0, 14
4, 14, 1, 14
4, 14, 2, 9
4, 14, 3, 0
4, 14, 4, 0
4, 14, 5, 0
4, 14, 6, 0
4, 14, 7, 0
4, 14, 8, 0
4, 14, 9, 37
4, 14, 10, 58
4, 14, 11, 50
4, 14, 12, 62
4, 14, 13, 50
4, 14, 14, 0
4, 14, 15, 0
4, 14, 16, 0
4, 14, 17, 0
4, 14, 18, 0
4, 14, 19, 0
4, 14, 20, 14
4, 14, 21, 14
4, 14, 22, 14
4, 14, 23, 14
4, 15, 0, 14
4, 15, 1, 14
4, 15, 2, 12
4, 15, 3, 0
4, 15, 4, 0
4, 15, 5, 0
4, 15, 6, 0
4, 15, 7, 0
4, 15, 8, 0
4, 15, 9, 0
4, 15, 10, 0
4, 15, 11, 0
4, 15, 12, 0
4, 15, 13, 0
4, 15, 14, 0
4, 15, 15, 0
4, 15, 16, 0
4, 15, 17, 0
4, 15, 18, 0
4, 15, 19, 0
4, 15, 20, 14
4, 15, 21, 14
4, 15, 22, 14
4, 15, 23, 14
4, 16, 0, 14
4, 16, 1, 14
4, 16, 2, 14
4, 16, 3, 0
4, 16, 4, 0
4, 16, 5, 0
4, 16, 6, 0
4, 16, 7, 0
4, 16, 8, 0
4, 16, 9, 0
4, 16, 10, 0
4, 16, 11, 0
4, 16, 12, 0
4, 16, 13, 0
4, 16, 14, 0
4, 16, 15, 0
4, 16, 16, 0
4, 16, 17, 0
4, 16, 18, 0
4, 16, 19, 6
4, 16, 20, 14
4, 16, 21, 14
4, 16, 22, 14
4, 16, 23, 14
4, 17, 0, 14
4, 17, 1, 14
4, 17, 2, 14
4, 17, 3, 6
4, 17, 4, 0
4, 17, 5, 0
4, 17, 6, 0
4, 17, 7, 0
4, 17, 8, 0
4, 17, 9, 0
4, 17, 10, 0
4, 17, 11, 0
4, 17, 12, 0
4, 17, 13, 0
4, 17, 14, 0
4, 17, 15, 0
4, 17, 16, 0
4, 17, 17, 0
4, 17, 18, 0
4, 17, 19, 4
4, 17, 20, 14
4, 17, 21, 14
4, 17, 22, 14
4, 17, 23, 14
4, 18, 0, 14
4, 18, 1, 14
4, 18, 2, 14
4, 18, 3, 14
4, 18, 4, 14
4, 18, 5, 4
4, 18, 6, 0
4, 18, 7, 0
4, 18, 8, 0
4, 18, 9, 0
4, 18, 10, 1
4, 18, 11, 18
4, 18, 12, 22
4, 18, 13, 28
4, 18, 14, 0
4, 18, 15, 0
4, 18, 16, 0
4, 18, 17, 0
4, 18, 18, 0
4, 18, 19, 3
4, 18, 20, 14
4, 18, 21, 14
4, 18, 22, 14
4, 18, 23, 14
4, 19, 0, 14
4, 19, 1, 14
4, 19, 2, 14
4, 19, 3, 14
4, 19, 4, 14
4, 19, 5, 14
4, 19, 6, 14
4, 19, 7, 14
4, 19, 8, 14
4, 19, 9, 14
4, 19, 10, 14
4, 19, 11, 14
4, 19, 12, 39
4, 19, 13, 48
4, 19, 14, 0
4, 19, 15, 0
4, 19, 16, 0
4, 19, 17, 0
4, 19, 18, 0
4, 19, 19, 13
4, 19, 20, 14
4, 19, 21, 14
4, 19, 22, 14
4, 19, 23, 14
4, 20, 0, 14
4, 20, 1, 14
4, 20, 2, 14
4, 20, 3, 14
4, 20, 4, 14
4, 20, 5, 14
4, 20, 6, 14
4, 20, 7, 14
4, 20, 8, 14
4, 20, 9, 14
4, 20, 10, 14
4, 20, 11, 14
4, 20, 12, 41
4, 20, 13, 30
4, 20, 14, 0
4, 20, 15, 0
4, 20, 16, 0
4, 20, 17, 0
4, 20, 18, 0
4, 20, 19, 14
4, 20, 20, 14
4, 20, 21, 14
4, 20, 22, 14
4, 20, 23, 14
4, 21, 0, 14
4, 21, 1, 14
4, 21, 2, 14
4, 21, 3, 14
4, 21, 4, 14
4, 21, 5, 14
4, 21, 6, 14
4, 21, 7, 14
4, 21, 8, 14
4, 21, 9, 14
4, 21, 10, 14
4, 21, 11, 14
4, 21, 12, 26
4, 21, 13, 0
4, 21, 14, 0
4, 21, 15, 0
4, 21, 16, 0
4, 21, 17, 0
4, 21, 18, 0
4, 21, 19, 14
4, 21, 20, 14
4, 21, 21, 14
4, 21, 22, 14
4, 21, 23, 14
4, 22, 0, 14
4, 22, 1, 14
4, 22, 2, 14
4, 22, 3, 14
4, 22, 4, 14
4, 22, 5, 14
4, 22, 6, 14
4, 22, 7, 14
4, 22, 8, 14
4, 22, 9, 14
4, 22, 10, 14
4, 22, 11, 14
4, 22, 12, 4
4, 22, 13, 0
4, 22, 14, 0
4, 22, 15, 0
4, 22, 16, 0
4, 22, 17, 0
4, 22, 18, 0
4, 22, 19, 14
4, 22, 20, 14
4, 22, 21, 14
4, 22, 22, 14
4, 22, 23, 14
4, 23, 0, 14
4, 23, 1, 14
4, 23, 2, 14
4, 23, 3, 14
4, 23, 4, 14
4, 23, 5, 14
4, 23, 6, 14
4, 23, 7, 14
4, 23, 8, 14
4, 23, 9, 14
4, 23, 10, 14
4, 23, 11, 14
4, 23, 12, 0
4, 23, 13, 0
4, 23, 14, 0
4, 23, 15, 0
4, 23, 16, 0
4, 23, 17, 0
4, 23, 18, 13
4, 23, 19, 14
4, 23, 20, 14
4, 23, 21, 14
4, 23, 22, 14
4, 23, 23, 14
5, 0, 0, 0
5, 0, 1, 0
5, 0, 2, 0
5, 0, 3, 0
5, 0, 4, 0
5, 0, 5, 0
5, 0, 6, 0
5, 0, 7, 0
5, 0, 8, 0
5, 0, 9, 0
5, 0, 10, 0
5, 0, 11, 0
5, 0, 12, 0
5, 0, 13, 0
5, 0, 14, 0
5, 0, 15, 0
5, 0, 16, 0
5, 0, 17, 0
5, 0, 18, 0
5, 0, 19, 0
5, 0, 20, 0
5, 0, 21, 0
5, 0, 22, 0
5, 0, 23, 0
5, 1, 0, 0
5, 1, 1, 0
5, 1, 2, 0
5, 1, 3, 0
5, 1, 4, 0
5, 1, 5, 0
5, 1, 6, 0
5, 1, 7, 0
5, 1, 8, 0
5, 1, 9, 13
5, 1, 10, 20
5, 1, 11, 11
5, 1, 12, 0
5, 1, 13, 0
5, 1, 14, 0
5, 1, 15, 0
5, 1, 16, 0
5, 1, 17, 0
5, 1, 18, 2
5, 1, 19, 2
5, 1, 20, 0
5, 1, 21, 0
5, 1, 22, 0
5, 1, 23, 0
5, 2, 0, 0
5, 2, 1, 0
5, 2, 2, 0
5, 2, 3, 0
5, 2, 4, 0
5, 2, 5, 0
5, 2, 6, 0
5, 2, 7, 0
5, 2, 8, 0
5, 2, 9, 42
5, 2, 10, 64
5, 2, 11, 32
5, 2, 12, 0
5, 2, 13, 0
5, 2, 14, 0
5, 2, 15, 0
5, 2, 16, 0
5, 2, 17, 0
5, 2, 18, 32
5, 2, 19, 33
5, 2, 20, 9
5, 2, 21, 0
5, 2, 22, 0
5, 2, 23, 0
5, 3, 0, 0
5, 3, 1, 0
5, 3, 2, 0
5, 3, 3, 0
5, 3, 4, 0
5, 3, 5, 0
5, 3, 6, 0
5, 3, 7, 0
5, 3, 8, 0
5, 3, 9, 93
5, 3, 10, 107
5, 3, 11, 29
5, 3, 12, 0
5, 3, 13, 0
5, 3, 14, 0
5, 3, 15, 0
5, 3, 16, 0
5, 3, 17, 0
5, 3, 18, 61
5, 3, 19, 64
5, 3, 20, 26
5, 3, 21, 0
5, 3, 22, 0
5, 3, 23, 0
5, 4, 0, 0
5, 4, 1, 0
5, 4, 2, 0
5, 4, 3, 0
5, 4, 4, 0
5, 4, 5, 0
5, 4, 6, 0
5, 4, 7, 0
5, 4, 8, 0
5, 4, 9, 127
5, 4, 10, 112
5, 4, 11, 7
5, 4, 12, 0
5, 4, 13, 0
5, 4, 14, 0
5, 4, 15, 0
5, 4, 16, 0
5, 4, 17, 0
5, 4, 18, 90
5, 4, 19, 87
5, 4, 20, 31
5, 4, 21, 0
5, 4, 22, 0
5, 4, 23, 0
5, 5, 0, 0
5, 5, 1, 0
5, 5, 2, 0
5, 5, 3, 0
5, 5, 4, 0
5, 5, 5, 0
5, 5, 6, 0
5, 5, 7, 0
5, 5, 8, 65
5, 5, 9, 127
5, 5, 10, 90
5, 5, 11, 6
5, 5, 12, 0
5, 5, 13, 0
5, 5, 14, 0
5, 5, 15, 0
5, 5, 16, 0
5, 5, 17, 0
5, 5, 18, 118
5, 5, 19, 115
5, 5, 20, 31
5, 5, 21, 0
5, 5, 22, 0
5, 5, 23, 0
5, 6, 0, 0
5, 6, 1, 0
5, 6, 2, 0
5, 6, 3, 0
5, 6, 4, 0
5, 6, 5, 0
5, 6, 6, 0
5, 6, 7, 15
5, 6, 8, 127
5, 6, 9, 127
5, 6, 10, 41
5, 6, 11, 0
5, 6, 12, 0
5, 6, 13, 0
5, 6, 14, 0
5, 6, 15, 0
5, 6, 16, 0
5, 6, 17, 0
5, 6, 18, 127
5, 6, 19, 127
5, 6, 20, 40
5, 6, 21, 0
5, 6, 22, 0
5, 6, 23, 0
5, 7, 0, 0
5, 7, 1, 0
5, 7, 2, 0
5, 7, 3, 0
5, 7, 4, 0
5, 7, 5, 0
5, 7, 6, 0
5, 7, 7, 107
5, 7, 8, 127
5, 7, 9, 90
5, 7, 10, 3
5, 7, 11, 3
5, 7, 12, 0
5, 7, 13, 0
5, 7, 14, 0
5, 7, 15, 0
5, 7, 16, 0
5, 7, 17, 7
5, 7, 18, 127
5, 7, 19, 127
5, 7, 20, 34
5, 7, 21, 0
5, 7, 22, 0
5, 7, 23, 0
5, 8, 0, 0
5, 8, 1, 0
5, 8, 2, 0
5, 8, 3, 0
5, 8, 4, 0
5, 8, 5, 0
5, 8, 6, 41
5, 8, 7, 127
5, 8, 8, 127
5, 8, 9, 27
5, 8, 10, 1
5, 8, 11, 3
5, 8, 12, 0
5, 8, 13, 0
5, 8, 14, 0
5, 8, 15, 0
5, 8, 16, 0
5, 8, 17, 78
5, 8, 18, 127
5, 8, 19, 114
5, 8, 20, 20
5, 8, 21, 0
5, 8, 22, 0
5, 8, 23, 0
5, 9, 0, 0
5, 9, 1, 0
5, 9, 2, 0
5, 9, 3, 0
5, 9, 4, 0
5, 9, 5, 0
5, 9, 6, 110
5, 9, 7, 127
5, 9, 8, 88
5, 9, 9, 7
5, 9, 10, 7
5, 9, 11, 0
5, 9, 12, 0
5, 9, 13, 0
5, 9, 14, 0
5, 9, 15, 0
5, 9, 16, 0
5, 9, 17, 127
5, 9, 18, 127
5, 9, 19, 78
5, 9, 20, 1
5, 9, 21, 0
5, 9, 22, 0
5, 9, 23, 0
5, 10, 0, 0
5, 10, 1, 0
5, 10, 2, 0
5, 10, 3, 0
5, 10, 4, 0
5, 10, 5, 0
5, 10, 6, 127
5, 10, 7, 127
5, 10, 8, 48
5, 10, 9, 0
5, 10, 10, 0
5, 10, 11, 0
5, 10, 12, 0
5, 10, 13, 0
5, 10, 14, 0
5, 10, 15, 0
5, 10, 16, 58
5, 10, 17, 127
5, 10, 18, 127
5, 10, 19, 45
5, 10, 20, 1
5, 10, 21, 0
5, 10, 22, 0
5, 10, 23, 0
5, 11, 0, 0
5, 11, 1, 0
5, 11, 2, 0
5, 11, 3, 0
5, 11, 4, 0
5, 11, 5, 22
5, 11, 6, 127
5, 11, 7, 127
5, 11, 8, 32
5, 11, 9, 5
5, 11, 10, 0
5, 11, 11, 0
5, 11, 12, 0
5, 11, 13, 0
5, 11, 14, 0
5, 11, 15, 0
5, 11, 16, 111
5, 11, 17, 127
5, 11, 18, 113
5, 11, 19, 22
5, 11, 20, 4
5, 11, 21, 0
5, 11, 22, 0
5, 11, 23, 0
5, 12, 0, 0
5, 12, 1, 0
5, 12, 2, 0
5, 12, 3, 0
5, 12, 4, 0
5, 12, 5, 0
5, 12, 6, 127
5, 12, 7, 108
5, 12, 8, 46
5, 12, 9, 16
5, 12, 10, 0
5, 12, 11, 0
5, 12, 12, 0
5, 12, 13, 0
5, 12, 14, 0
5, 12, 15, 0
5, 12, 16, 127
5, 12, 17, 127
5, 12, 18, 94
5, 12, 19, 16
5, 12, 20, 0
5, 12, 21, 0
5, 12, 22, 0
5, 12, 23, 0
5, 13, 0, 0
5, 13, 1, 0
5, 13, 2, 0
5, 13, 3, 0
5, 13, 4, 0
5, 13, 5, 0
5, 13, 6, 40
5, 13, 7, 53
5, 13, 8, 35
5, 13, 9, 12
5, 13, 10, 0
5, 13, 11, 0
5, 13, 12, 0
5, 13, 13, 0
5, 13, 14, 0
5, 13, 15, 71
5, 13, 16, 127
5, 13, 17, 127
5, 13, 18, 75
5, 13, 19, 8
5, 13, 20, 0
5, 13, 21, 0
5, 13, 22, 0
5, 13, 23, 0
5, 14, 0, 0
5, 14, 1, 0
5, 14, 2, 0
5, 14, 3, 0
5, 14, 4, 0
5, 14, 5, 0
5, 14, 6, 0
5, 14, 7, 7
5, 14, 8, 0
5, 14, 9, 0
5, 14, 10, 12
5, 14, 11, 21
5, 14, 12, 0
5, 14, 13, 0
5, 14, 14, 0
5, 14, 15, 105
5, 14, 16, 127
5, 14, 17, 127
5, 14, 18, 57
5, 14, 19, 0
5, 14, 20, 0
5, 14, 21, 0
5, 14, 22, 0
5, 14, 23, 0
5, 15, 0, 0
5, 15, 1, 0
5, 15, 2, 0
5, 15, 3, 2
5, 15, 4, 0
5, 15, 5, 0
5, 15, 6, 3
5, 15, 7, 34
5, 15, 8, 30
5, 15, 9, 24
5, 15, 10, 55
5, 15, 11, 64
5, 15, 12, 15
5, 15, 13, 0
5, 15, 14, 0
5, 15, 15, 75
5, 15, 16, 127
5, 15, 17, 127
5, 15, 18, 46
5, 15, 19, 0
5, 15, 20, 0
5, 15, 21, 0
5, 15, 22, 0
5, 15, 23, 0
5, 16, 0, 0
5, 16, 1, 0
5, 16, 2, 0
5, 16, 3, 0
5, 16, 4, 3
5, 16, 5, 0
5, 16, 6, 9
5, 16, 7, 39
5, 16, 8, 50
5, 16, 9, 43
5, 16, 10, 41
5, 16, 11, 42
5, 16, 12, 0
5, 16, 13, 0
5, 16, 14, 0
5, 16, 15, 66
5, 16, 16, 127
5, 16, 17, 127
5, 16, 18, 44
5, 16, 19, 5
5, 16, 20, 0
5, 16, 21, 0
5, 16, 22, 0
5, 16, 23, 0
5, 17, 0, 0
5, 17, 1, 0
5, 17, 2, 0
5, 17, 3, 0
5, 17, 4, 0
5, 17, 5, 0
5, 17, 6, 0
5, 17, 7, 7
5, 17, 8, 23
5, 17, 9, 27
5, 17, 10, 20
5, 17, 11, 25
5, 17, 12, 0
5, 17, 13, 0
5, 17, 14, 0
5, 17, 15, 82
5, 17, 16, 127
5, 17, 17, 127
5, 17, 18, 42
5, 17, 19, 0
5, 17, 20, 0
5, 17, 21, 0
5, 17, 22, 0
5, 17, 23, 0
5, 18, 0, 0
5, 18, 1, 0
5, 18, 2, 0
5, 18, 3, 0
5, 18, 4, 0
5, 18, 5, 0
5, 18, 6, 0
5, 18, 7, 0
5, 18, 8, 0
5, 18, 9, 0
5, 18, 10, 1
5, 18, 11, 2
5, 18, 12, 0
5, 18, 13, 0
5, 18, 14, 0
5, 18, 15, 70
5, 18, 16, 127
5, 18, 17, 127
5, 18, 18, 37
5, 18, 19, 0
5, 18, 20, 0
5, 18, 21, 0
5, 18, 22, 0
5, 18, 23, 0
5, 19, 0, 0
5, 19, 1, 0
5, 19, 2, 0
5, 19, 3, 0
5, 19, 4, 0
5, 19, 5, 0
5, 19, 6, 0
5, 19, 7, 0
5, 19, 8, 0
5, 19, 9, 0
5, 19, 10, 0
5, 19, 11, 0
5, 19, 12, 0
5, 19, 13, 0
5, 19, 14, 0
5, 19, 15, 93
5, 19, 16, 127
5, 19, 17, 127
5, 19, 18, 25
5, 19, 19, 0
5, 19, 20, 0
5, 19, 21, 0
5, 19, 22, 0
5, 19, 23, 0
5, 20, 0, 0
5, 20, 1, 0
5, 20, 2, 0
5, 20, 3, 0
5, 20, 4, 0
5, 20, 5, 0
5, 20, 6, 0
5, 20, 7, 0
5, 20, 8, 0
5, 20, 9, 0
5, 20, 10, 0
5, 20, 11, 0
5, 20, 12, 0
5, 20, 13, 0
5, 20, 14, 0
5, 20, 15, 117
5, 20, 16, 127
5, 20, 17, 81
5, 20, 18, 3
5, 20, 19, 0
5, 20, 20, 0
5, 20, 21, 0
5, 20, 22, 0
5, 20, 23, 0
5, 21, 0, 0
5, 21, 1, 0
5, 21, 2, 0
5, 21, 3, 0
5, 21, 4, 0
5, 21, 5, 0
5, 21, 6, 0
5, 21, 7, 0
5, 21, 8, 0
5, 21, 9, 0
5, 21, 10, 0
5, 21, 11, 0
5, 21, 12, 0
5, 21, 13, 0
5, 21, 14, 29
5, 21, 15, 101
5, 21, 16, 102
5, 21, 17, 26
5, 21, 18, 0
5, 21, 19, 0
5, 21, 20, 0
5, 21, 21, 0
5, 21, 22, 0
5, 21, 23, 0
5, 22, 0, 0
5, 22, 1, 0
5, 22, 2, 0
5, 22, 3, 0
5, 22, 4, 0
5, 22, 5, 0
5, 22, 6, 0
5, 22, 7, 0
5, 22, 8, 0
5, 22, 9, 0
5, 22, 10, 0
5, 22, 11, 0
5, 22, 12, 0
5, 22, 13, 0
5, 22, 14, 34
5, 22, 15, 52
5, 22, 16, 20
5, 22, 17, 4
5, 22, 18, 6
5, 22, 19, 0
5, 22, 20, 0
5, 22, 21, 0
5, 22, 22, 0
5, 22, 23, 0
5, 23, 0, 0
5, 23, 1, 0
5, 23, 2, 0
5, 23, 3, 0
5, 23, 4, 0
5, 23, 5, 0
5, 23, 6, 0
5, 23, 7, 0
5, 23, 8, 0
5, 23, 9, 0
5, 23, 10, 0
5, 23, 11, 0
5, 23, 12, 8
5, 23, 13, 0
5, 23, 14, 9
5, 23, 15, 10
5, 23, 16, 7
5, 23, 17, 10
5, 23, 18, 2
5, 23, 19, 0
5, 23, 20, 0
5, 23, 21, 0
5, 23, 22, 0
5, 23, 23, 0
