# conv1 output: 6 channels
# Format: channel, y, x, value
0, 0, 0, 0
0, 0, 1, 0
0, 0, 2, 0
0, 0, 3, 0
0, 0, 4, 0
0, 0, 5, 0
0, 0, 6, 0
0, 0, 7, 0
0, 0, 8, 0
0, 0, 9, 0
0, 0, 10, 0
0, 0, 11, 0
0, 0, 12, 0
0, 0, 13, 0
0, 0, 14, 0
0, 0, 15, 0
0, 0, 16, 0
0, 0, 17, 0
0, 0, 18, 0
0, 0, 19, 0
0, 0, 20, 0
0, 0, 21, 0
0, 0, 22, 0
0, 0, 23, 0
0, 1, 0, 0
0, 1, 1, 0
0, 1, 2, 0
0, 1, 3, 0
0, 1, 4, 0
0, 1, 5, 127
0, 1, 6, 127
0, 1, 7, 0
0, 1, 8, 127
0, 1, 9, 0
0, 1, 10, 0
0, 1, 11, 0
0, 1, 12, 0
0, 1, 13, 0
0, 1, 14, 127
0, 1, 15, 127
0, 1, 16, 127
0, 1, 17, 0
0, 1, 18, 0
0, 1, 19, 0
0, 1, 20, 0
0, 1, 21, 0
0, 1, 22, 0
0, 1, 23, 0
0, 2, 0, 0
0, 2, 1, 0
0, 2, 2, 0
0, 2, 3, 0
0, 2, 4, 0
0, 2, 5, 127
0, 2, 6, 127
0, 2, 7, 0
0, 2, 8, 127
0, 2, 9, 0
0, 2, 10, 0
0, 2, 11, 0
0, 2, 12, 0
0, 2, 13, 127
0, 2, 14, 127
0, 2, 15, 0
0, 2, 16, 127
0, 2, 17, 127
0, 2, 18, 0
0, 2, 19, 0
0, 2, 20, 0
0, 2, 21, 0
0, 2, 22, 0
0, 2, 23, 0
0, 3, 0, 0
0, 3, 1, 0
0, 3, 2, 0
0, 3, 3, 0
0, 3, 4, 127
0, 3, 5, 127
0, 3, 6, 4
0, 3, 7, 127
0, 3, 8, 127
0, 3, 9, 0
0, 3, 10, 0
0, 3, 11, 0
0, 3, 12, 0
0, 3, 13, 0
0, 3, 14, 127
0, 3, 15, 127
0, 3, 16, 127
0, 3, 17, 127
0, 3, 18, 0
0, 3, 19, 0
0, 3, 20, 0
0, 3, 21, 0
0, 3, 22, 0
0, 3, 23, 0
0, 4, 0, 0
0, 4, 1, 0
0, 4, 2, 0
0, 4, 3, 0
0, 4, 4, 127
0, 4, 5, 127
0, 4, 6, 0
0, 4, 7, 127
0, 4, 8, 127
0, 4, 9, 0
0, 4, 10, 0
0, 4, 11, 0
0, 4, 12, 0
0, 4, 13, 0
0, 4, 14, 127
0, 4, 15, 127
0, 4, 16, 127
0, 4, 17, 127
0, 4, 18, 0
0, 4, 19, 0
0, 4, 20, 0
0, 4, 21, 0
0, 4, 22, 0
0, 4, 23, 0
0, 5, 0, 0
0, 5, 1, 0
0, 5, 2, 0
0, 5, 3, 127
0, 5, 4, 127
0, 5, 5, 0
0, 5, 6, 127
0, 5, 7, 127
0, 5, 8, 0
0, 5, 9, 0
0, 5, 10, 0
0, 5, 11, 0
0, 5, 12, 0
0, 5, 13, 127
0, 5, 14, 127
0, 5, 15, 0
0, 5, 16, 127
0, 5, 17, 127
0, 5, 18, 0
0, 5, 19, 0
0, 5, 20, 0
0, 5, 21, 0
0, 5, 22, 0
0, 5, 23, 0
0, 6, 0, 0
0, 6, 1, 0
0, 6, 2, 127
0, 6, 3, 127
0, 6, 4, 0
0, 6, 5, 127
0, 6, 6, 127
0, 6, 7, 0
0, 6, 8, 0
0, 6, 9, 0
0, 6, 10, 0
0, 6, 11, 0
0, 6, 12, 0
0, 6, 13, 127
0, 6, 14, 127
0, 6, 15, 0
0, 6, 16, 127
0, 6, 17, 127
0, 6, 18, 0
0, 6, 19, 0
0, 6, 20, 0
0, 6, 21, 0
0, 6, 22, 0
0, 6, 23, 0
0, 7, 0, 0
0, 7, 1, 0
0, 7, 2, 127
0, 7, 3, 127
0, 7, 4, 0
0, 7, 5, 127
0, 7, 6, 127
0, 7, 7, 0
0, 7, 8, 0
0, 7, 9, 0
0, 7, 10, 0
0, 7, 11, 0
0, 7, 12, 127
0, 7, 13, 127
0, 7, 14, 127
0, 7, 15, 127
0, 7, 16, 127
0, 7, 17, 127
0, 7, 18, 0
0, 7, 19, 0
0, 7, 20, 0
0, 7, 21, 0
0, 7, 22, 0
0, 7, 23, 0
0, 8, 0, 0
0, 8, 1, 127
0, 8, 2, 127
0, 8, 3, 127
0, 8, 4, 127
0, 8, 5, 127
0, 8, 6, 0
0, 8, 7, 0
0, 8, 8, 0
0, 8, 9, 0
0, 8, 10, 0
0, 8, 11, 0
0, 8, 12, 127
0, 8, 13, 127
0, 8, 14, 0
0, 8, 15, 127
0, 8, 16, 127
0, 8, 17, 0
0, 8, 18, 0
0, 8, 19, 0
0, 8, 20, 0
0, 8, 21, 0
0, 8, 22, 0
0, 8, 23, 0
0, 9, 0, 0
0, 9, 1, 127
0, 9, 2, 127
0, 9, 3, 127
0, 9, 4, 127
0, 9, 5, 127
0, 9, 6, 0
0, 9, 7, 0
0, 9, 8, 0
0, 9, 9, 0
0, 9, 10, 0
0, 9, 11, 127
0, 9, 12, 127
0, 9, 13, 127
0, 9, 14, 127
0, 9, 15, 127
0, 9, 16, 127
0, 9, 17, 0
0, 9, 18, 0
0, 9, 19, 0
0, 9, 20, 0
0, 9, 21, 0
0, 9, 22, 0
0, 9, 23, 0
0, 10, 0, 0
0, 10, 1, 127
0, 10, 2, 127
0, 10, 3, 127
0, 10, 4, 127
0, 10, 5, 127
0, 10, 6, 0
0, 10, 7, 0
0, 10, 8, 0
0, 10, 9, 0
0, 10, 10, 0
0, 10, 11, 127
0, 10, 12, 127
0, 10, 13, 127
0, 10, 14, 127
0, 10, 15, 127
0, 10, 16, 127
0, 10, 17, 0
0, 10, 18, 0
0, 10, 19, 0
0, 10, 20, 0
0, 10, 21, 0
0, 10, 22, 0
0, 10, 23, 0
0, 11, 0, 0
0, 11, 1, 127
0, 11, 2, 127
0, 11, 3, 127
0, 11, 4, 127
0, 11, 5, 127
0, 11, 6, 0
0, 11, 7, 0
0, 11, 8, 0
0, 11, 9, 0
0, 11, 10, 0
0, 11, 11, 127
0, 11, 12, 127
0, 11, 13, 127
0, 11, 14, 127
0, 11, 15, 127
0, 11, 16, 0
0, 11, 17, 0
0, 11, 18, 0
0, 11, 19, 0
0, 11, 20, 0
0, 11, 21, 0
0, 11, 22, 0
0, 11, 23, 0
0, 12, 0, 0
0, 12, 1, 127
0, 12, 2, 127
0, 12, 3, 127
0, 12, 4, 127
0, 12, 5, 127
0, 12, 6, 127
0, 12, 7, 127
0, 12, 8, 127
0, 12, 9, 127
0, 12, 10, 127
0, 12, 11, 127
0, 12, 12, 127
0, 12, 13, 127
0, 12, 14, 127
0, 12, 15, 127
0, 12, 16, 0
0, 12, 17, 0
0, 12, 18, 0
0, 12, 19, 0
0, 12, 20, 0
0, 12, 21, 0
0, 12, 22, 0
0, 12, 23, 0
0, 13, 0, 0
0, 13, 1, 127
0, 13, 2, 127
0, 13, 3, 127
0, 13, 4, 127
0, 13, 5, 127
0, 13, 6, 127
0, 13, 7, 127
0, 13, 8, 127
0, 13, 9, 127
0, 13, 10, 127
0, 13, 11, 127
0, 13, 12, 127
0, 13, 13, 127
0, 13, 14, 127
0, 13, 15, 127
0, 13, 16, 0
0, 13, 17, 0
0, 13, 18, 0
0, 13, 19, 0
0, 13, 20, 0
0, 13, 21, 0
0, 13, 22, 0
0, 13, 23, 0
0, 14, 0, 0
0, 14, 1, 127
0, 14, 2, 0
0, 14, 3, 0
0, 14, 4, 127
0, 14, 5, 127
0, 14, 6, 127
0, 14, 7, 127
0, 14, 8, 127
0, 14, 9, 127
0, 14, 10, 127
0, 14, 11, 127
0, 14, 12, 127
0, 14, 13, 127
0, 14, 14, 127
0, 14, 15, 127
0, 14, 16, 0
0, 14, 17, 0
0, 14, 18, 0
0, 14, 19, 0
0, 14, 20, 0
0, 14, 21, 0
0, 14, 22, 0
0, 14, 23, 0
0, 15, 0, 0
0, 15, 1, 127
0, 15, 2, 0
0, 15, 3, 0
0, 15, 4, 0
0, 15, 5, 0
0, 15, 6, 0
0, 15, 7, 0
0, 15, 8, 0
0, 15, 9, 0
0, 15, 10, 127
0, 15, 11, 127
0, 15, 12, 127
0, 15, 13, 0
0, 15, 14, 127
0, 15, 15, 127
0, 15, 16, 0
0, 15, 17, 0
0, 15, 18, 0
0, 15, 19, 0
0, 15, 20, 0
0, 15, 21, 0
0, 15, 22, 0
0, 15, 23, 0
0, 16, 0, 0
0, 16, 1, 127
0, 16, 2, 0
0, 16, 3, 0
0, 16, 4, 0
0, 16, 5, 0
0, 16, 6, 0
0, 16, 7, 0
0, 16, 8, 0
0, 16, 9, 0
0, 16, 10, 127
0, 16, 11, 127
0, 16, 12, 127
0, 16, 13, 127
0, 16, 14, 127
0, 16, 15, 127
0, 16, 16, 0
0, 16, 17, 0
0, 16, 18, 0
0, 16, 19, 0
0, 16, 20, 0
0, 16, 21, 0
0, 16, 22, 0
0, 16, 23, 0
0, 17, 0, 0
0, 17, 1, 127
0, 17, 2, 0
0, 17, 3, 0
0, 17, 4, 0
0, 17, 5, 19
0, 17, 6, 22
0, 17, 7, 6
0, 17, 8, 0
0, 17, 9, 0
0, 17, 10, 127
0, 17, 11, 127
0, 17, 12, 127
0, 17, 13, 0
0, 17, 14, 127
0, 17, 15, 127
0, 17, 16, 0
0, 17, 17, 0
0, 17, 18, 0
0, 17, 19, 0
0, 17, 20, 0
0, 17, 21, 0
0, 17, 22, 0
0, 17, 23, 0
0, 18, 0, 0
0, 18, 1, 0
0, 18, 2, 0
0, 18, 3, 0
0, 18, 4, 0
0, 18, 5, 0
0, 18, 6, 0
0, 18, 7, 0
0, 18, 8, 0
0, 18, 9, 0
0, 18, 10, 127
0, 18, 11, 127
0, 18, 12, 127
0, 18, 13, 127
0, 18, 14, 127
0, 18, 15, 127
0, 18, 16, 0
0, 18, 17, 0
0, 18, 18, 0
0, 18, 19, 0
0, 18, 20, 0
0, 18, 21, 0
0, 18, 22, 0
0, 18, 23, 0
0, 19, 0, 0
0, 19, 1, 0
0, 19, 2, 0
0, 19, 3, 0
0, 19, 4, 0
0, 19, 5, 0
0, 19, 6, 0
0, 19, 7, 0
0, 19, 8, 0
0, 19, 9, 0
0, 19, 10, 127
0, 19, 11, 127
0, 19, 12, 0
0, 19, 13, 127
0, 19, 14, 127
0, 19, 15, 0
0, 19, 16, 0
0, 19, 17, 0
0, 19, 18, 0
0, 19, 19, 0
0, 19, 20, 0
0, 19, 21, 0
0, 19, 22, 0
0, 19, 23, 0
0, 20, 0, 0
0, 20, 1, 0
0, 20, 2, 0
0, 20, 3, 0
0, 20, 4, 0
0, 20, 5, 0
0, 20, 6, 0
0, 20, 7, 0
0, 20, 8, 0
0, 20, 9, 0
0, 20, 10, 127
0, 20, 11, 127
0, 20, 12, 127
0, 20, 13, 127
0, 20, 14, 0
0, 20, 15, 0
0, 20, 16, 0
0, 20, 17, 0
0, 20, 18, 0
0, 20, 19, 0
0, 20, 20, 0
0, 20, 21, 0
0, 20, 22, 0
0, 20, 23, 0
0, 21, 0, 0
0, 21, 1, 0
0, 21, 2, 0
0, 21, 3, 0
0, 21, 4, 0
0, 21, 5, 0
0, 21, 6, 0
0, 21, 7, 0
0, 21, 8, 0
0, 21, 9, 0
0, 21, 10, 127
0, 21, 11, 127
0, 21, 12, 0
0, 21, 13, 0
0, 21, 14, 0
0, 21, 15, 0
0, 21, 16, 0
0, 21, 17, 0
0, 21, 18, 0
0, 21, 19, 0
0, 21, 20, 0
0, 21, 21, 0
0, 21, 22, 0
0, 21, 23, 0
0, 22, 0, 0
0, 22, 1, 0
0, 22, 2, 0
0, 22, 3, 0
0, 22, 4, 0
0, 22, 5, 0
0, 22, 6, 0
0, 22, 7, 0
0, 22, 8, 0
0, 22, 9, 0
0, 22, 10, 127
0, 22, 11, 127
0, 22, 12, 0
0, 22, 13, 0
0, 22, 14, 0
0, 22, 15, 0
0, 22, 16, 0
0, 22, 17, 0
0, 22, 18, 0
0, 22, 19, 0
0, 22, 20, 0
0, 22, 21, 0
0, 22, 22, 0
0, 22, 23, 0
0, 23, 0, 0
0, 23, 1, 0
0, 23, 2, 0
0, 23, 3, 0
0, 23, 4, 0
0, 23, 5, 0
0, 23, 6, 0
0, 23, 7, 0
0, 23, 8, 0
0, 23, 9, 127
0, 23, 10, 0
0, 23, 11, 0
0, 23, 12, 0
0, 23, 13, 0
0, 23, 14, 0
0, 23, 15, 0
0, 23, 16, 0
0, 23, 17, 0
0, 23, 18, 0
0, 23, 19, 0
0, 23, 20, 0
0, 23, 21, 0
0, 23, 22, 0
0, 23, 23, 0
1, 0, 0, 0
1, 0, 1, 0
1, 0, 2, 0
1, 0, 3, 0
1, 0, 4, 0
1, 0, 5, 0
1, 0, 6, 0
1, 0, 7, 0
1, 0, 8, 0
1, 0, 9, 0
1, 0, 10, 0
1, 0, 11, 0
1, 0, 12, 0
1, 0, 13, 0
1, 0, 14, 0
1, 0, 15, 0
1, 0, 16, 0
1, 0, 17, 0
1, 0, 18, 0
1, 0, 19, 0
1, 0, 20, 0
1, 0, 21, 0
1, 0, 22, 0
1, 0, 23, 0
1, 1, 0, 0
1, 1, 1, 0
1, 1, 2, 0
1, 1, 3, 0
1, 1, 4, 0
1, 1, 5, 127
1, 1, 6, 127
1, 1, 7, 127
1, 1, 8, 0
1, 1, 9, 0
1, 1, 10, 0
1, 1, 11, 0
1, 1, 12, 0
1, 1, 13, 3
1, 1, 14, 14
1, 1, 15, 16
1, 1, 16, 127
1, 1, 17, 127
1, 1, 18, 0
1, 1, 19, 0
1, 1, 20, 0
1, 1, 21, 0
1, 1, 22, 0
1, 1, 23, 0
1, 2, 0, 0
1, 2, 1, 0
1, 2, 2, 0
1, 2, 3, 0
1, 2, 4, 15
1, 2, 5, 127
1, 2, 6, 127
1, 2, 7, 127
1, 2, 8, 0
1, 2, 9, 0
1, 2, 10, 0
1, 2, 11, 0
1, 2, 12, 0
1, 2, 13, 127
1, 2, 14, 127
1, 2, 15, 127
1, 2, 16, 127
1, 2, 17, 3
1, 2, 18, 0
1, 2, 19, 0
1, 2, 20, 0
1, 2, 21, 0
1, 2, 22, 0
1, 2, 23, 0
1, 3, 0, 0
1, 3, 1, 0
1, 3, 2, 0
1, 3, 3, 0
1, 3, 4, 127
1, 3, 5, 127
1, 3, 6, 127
1, 3, 7, 127
1, 3, 8, 5
1, 3, 9, 0
1, 3, 10, 0
1, 3, 11, 0
1, 3, 12, 0
1, 3, 13, 9
1, 3, 14, 127
1, 3, 15, 127
1, 3, 16, 127
1, 3, 17, 0
1, 3, 18, 127
1, 3, 19, 0
1, 3, 20, 0
1, 3, 21, 0
1, 3, 22, 0
1, 3, 23, 0
1, 4, 0, 0
1, 4, 1, 0
1, 4, 2, 0
1, 4, 3, 3
1, 4, 4, 127
1, 4, 5, 127
1, 4, 6, 127
1, 4, 7, 127
1, 4, 8, 0
1, 4, 9, 0
1, 4, 10, 0
1, 4, 11, 0
1, 4, 12, 0
1, 4, 13, 14
1, 4, 14, 127
1, 4, 15, 127
1, 4, 16, 127
1, 4, 17, 0
1, 4, 18, 127
1, 4, 19, 0
1, 4, 20, 0
1, 4, 21, 0
1, 4, 22, 0
1, 4, 23, 0
1, 5, 0, 0
1, 5, 1, 0
1, 5, 2, 0
1, 5, 3, 127
1, 5, 4, 127
1, 5, 5, 127
1, 5, 6, 127
1, 5, 7, 42
1, 5, 8, 127
1, 5, 9, 0
1, 5, 10, 0
1, 5, 11, 0
1, 5, 12, 0
1, 5, 13, 127
1, 5, 14, 127
1, 5, 15, 127
1, 5, 16, 127
1, 5, 17, 12
1, 5, 18, 127
1, 5, 19, 0
1, 5, 20, 0
1, 5, 21, 0
1, 5, 22, 0
1, 5, 23, 0
1, 6, 0, 0
1, 6, 1, 0
1, 6, 2, 127
1, 6, 3, 127
1, 6, 4, 127
1, 6, 5, 127
1, 6, 6, 0
1, 6, 7, 127
1, 6, 8, 26
1, 6, 9, 0
1, 6, 10, 0
1, 6, 11, 1
1, 6, 12, 0
1, 6, 13, 127
1, 6, 14, 127
1, 6, 15, 127
1, 6, 16, 127
1, 6, 17, 0
1, 6, 18, 127
1, 6, 19, 0
1, 6, 20, 0
1, 6, 21, 0
1, 6, 22, 0
1, 6, 23, 0
1, 7, 0, 0
1, 7, 1, 7
1, 7, 2, 127
1, 7, 3, 127
1, 7, 4, 127
1, 7, 5, 127
1, 7, 6, 14
1, 7, 7, 0
1, 7, 8, 0
1, 7, 9, 2
1, 7, 10, 12
1, 7, 11, 0
1, 7, 12, 127
1, 7, 13, 127
1, 7, 14, 127
1, 7, 15, 127
1, 7, 16, 127
1, 7, 17, 0
1, 7, 18, 127
1, 7, 19, 13
1, 7, 20, 3
1, 7, 21, 0
1, 7, 22, 0
1, 7, 23, 0
1, 8, 0, 0
1, 8, 1, 127
1, 8, 2, 127
1, 8, 3, 127
1, 8, 4, 127
1, 8, 5, 37
1, 8, 6, 127
1, 8, 7, 2
1, 8, 8, 0
1, 8, 9, 0
1, 8, 10, 14
1, 8, 11, 0
1, 8, 12, 127
1, 8, 13, 127
1, 8, 14, 127
1, 8, 15, 127
1, 8, 16, 0
1, 8, 17, 127
1, 8, 18, 0
1, 8, 19, 15
1, 8, 20, 4
1, 8, 21, 0
1, 8, 22, 0
1, 8, 23, 0
1, 9, 0, 0
1, 9, 1, 127
1, 9, 2, 127
1, 9, 3, 127
1, 9, 4, 127
1, 9, 5, 0
1, 9, 6, 23
1, 9, 7, 30
1, 9, 8, 0
1, 9, 9, 0
1, 9, 10, 14
1, 9, 11, 127
1, 9, 12, 127
1, 9, 13, 127
1, 9, 14, 127
1, 9, 15, 127
1, 9, 16, 0
1, 9, 17, 8
1, 9, 18, 0
1, 9, 19, 2
1, 9, 20, 5
1, 9, 21, 0
1, 9, 22, 0
1, 9, 23, 0
1, 10, 0, 0
1, 10, 1, 127
1, 10, 2, 127
1, 10, 3, 127
1, 10, 4, 127
1, 10, 5, 0
1, 10, 6, 0
1, 10, 7, 5
1, 10, 8, 8
1, 10, 9, 0
1, 10, 10, 0
1, 10, 11, 127
1, 10, 12, 127
1, 10, 13, 127
1, 10, 14, 127
1, 10, 15, 127
1, 10, 16, 0
1, 10, 17, 0
1, 10, 18, 0
1, 10, 19, 27
1, 10, 20, 0
1, 10, 21, 0
1, 10, 22, 0
1, 10, 23, 0
1, 11, 0, 0
1, 11, 1, 127
1, 11, 2, 127
1, 11, 3, 127
1, 11, 4, 127
1, 11, 5, 0
1, 11, 6, 127
1, 11, 7, 1
1, 11, 8, 0
1, 11, 9, 0
1, 11, 10, 10
1, 11, 11, 127
1, 11, 12, 127
1, 11, 13, 127
1, 11, 14, 127
1, 11, 15, 35
1, 11, 16, 127
1, 11, 17, 0
1, 11, 18, 0
1, 11, 19, 15
1, 11, 20, 0
1, 11, 21, 0
1, 11, 22, 0
1, 11, 23, 0
1, 12, 0, 0
1, 12, 1, 127
1, 12, 2, 127
1, 12, 3, 127
1, 12, 4, 127
1, 12, 5, 127
1, 12, 6, 17
1, 12, 7, 127
1, 12, 8, 127
1, 12, 9, 127
1, 12, 10, 127
1, 12, 11, 127
1, 12, 12, 127
1, 12, 13, 127
1, 12, 14, 127
1, 12, 15, 53
1, 12, 16, 127
1, 12, 17, 2
1, 12, 18, 0
1, 12, 19, 30
1, 12, 20, 0
1, 12, 21, 0
1, 12, 22, 0
1, 12, 23, 0
1, 13, 0, 0
1, 13, 1, 127
1, 13, 2, 127
1, 13, 3, 127
1, 13, 4, 127
1, 13, 5, 127
1, 13, 6, 127
1, 13, 7, 127
1, 13, 8, 127
1, 13, 9, 127
1, 13, 10, 127
1, 13, 11, 127
1, 13, 12, 127
1, 13, 13, 127
1, 13, 14, 127
1, 13, 15, 0
1, 13, 16, 127
1, 13, 17, 52
1, 13, 18, 0
1, 13, 19, 30
1, 13, 20, 0
1, 13, 21, 0
1, 13, 22, 0
1, 13, 23, 0
1, 14, 0, 0
1, 14, 1, 127
1, 14, 2, 0
1, 14, 3, 0
1, 14, 4, 60
1, 14, 5, 26
1, 14, 6, 127
1, 14, 7, 127
1, 14, 8, 127
1, 14, 9, 127
1, 14, 10, 127
1, 14, 11, 127
1, 14, 12, 127
1, 14, 13, 127
1, 14, 14, 127
1, 14, 15, 0
1, 14, 16, 0
1, 14, 17, 33
1, 14, 18, 0
1, 14, 19, 30
1, 14, 20, 0
1, 14, 21, 0
1, 14, 22, 0
1, 14, 23, 0
1, 15, 0, 0
1, 15, 1, 127
1, 15, 2, 0
1, 15, 3, 0
1, 15, 4, 0
1, 15, 5, 0
1, 15, 6, 0
1, 15, 7, 0
1, 15, 8, 18
1, 15, 9, 6
1, 15, 10, 127
1, 15, 11, 127
1, 15, 12, 127
1, 15, 13, 127
1, 15, 14, 127
1, 15, 15, 20
1, 15, 16, 127
1, 15, 17, 26
1, 15, 18, 0
1, 15, 19, 18
1, 15, 20, 0
1, 15, 21, 0
1, 15, 22, 0
1, 15, 23, 0
1, 16, 0, 0
1, 16, 1, 127
1, 16, 2, 0
1, 16, 3, 0
1, 16, 4, 22
1, 16, 5, 0
1, 16, 6, 0
1, 16, 7, 0
1, 16, 8, 33
1, 16, 9, 5
1, 16, 10, 127
1, 16, 11, 127
1, 16, 12, 127
1, 16, 13, 127
1, 16, 14, 127
1, 16, 15, 0
1, 16, 16, 0
1, 16, 17, 4
1, 16, 18, 0
1, 16, 19, 20
1, 16, 20, 0
1, 16, 21, 0
1, 16, 22, 0
1, 16, 23, 0
1, 17, 0, 0
1, 17, 1, 127
1, 17, 2, 0
1, 17, 3, 0
1, 17, 4, 0
1, 17, 5, 7
1, 17, 6, 25
1, 17, 7, 18
1, 17, 8, 13
1, 17, 9, 2
1, 17, 10, 127
1, 17, 11, 127
1, 17, 12, 127
1, 17, 13, 127
1, 17, 14, 127
1, 17, 15, 25
1, 17, 16, 0
1, 17, 17, 0
1, 17, 18, 13
1, 17, 19, 0
1, 17, 20, 0
1, 17, 21, 0
1, 17, 22, 0
1, 17, 23, 0
1, 18, 0, 0
1, 18, 1, 0
1, 18, 2, 0
1, 18, 3, 0
1, 18, 4, 0
1, 18, 5, 0
1, 18, 6, 0
1, 18, 7, 0
1, 18, 8, 0
1, 18, 9, 0
1, 18, 10, 127
1, 18, 11, 127
1, 18, 12, 127
1, 18, 13, 127
1, 18, 14, 127
1, 18, 15, 51
1, 18, 16, 0
1, 18, 17, 0
1, 18, 18, 18
1, 18, 19, 0
1, 18, 20, 0
1, 18, 21, 0
1, 18, 22, 0
1, 18, 23, 0
1, 19, 0, 0
1, 19, 1, 0
1, 19, 2, 0
1, 19, 3, 0
1, 19, 4, 0
1, 19, 5, 0
1, 19, 6, 0
1, 19, 7, 0
1, 19, 8, 0
1, 19, 9, 0
1, 19, 10, 127
1, 19, 11, 127
1, 19, 12, 127
1, 19, 13, 127
1, 19, 14, 0
1, 19, 15, 127
1, 19, 16, 0
1, 19, 17, 0
1, 19, 18, 18
1, 19, 19, 0
1, 19, 20, 0
1, 19, 21, 0
1, 19, 22, 0
1, 19, 23, 0
1, 20, 0, 0
1, 20, 1, 0
1, 20, 2, 0
1, 20, 3, 0
1, 20, 4, 0
1, 20, 5, 0
1, 20, 6, 0
1, 20, 7, 0
1, 20, 8, 0
1, 20, 9, 0
1, 20, 10, 127
1, 20, 11, 127
1, 20, 12, 127
1, 20, 13, 10
1, 20, 14, 127
1, 20, 15, 17
1, 20, 16, 0
1, 20, 17, 0
1, 20, 18, 4
1, 20, 19, 0
1, 20, 20, 0
1, 20, 21, 0
1, 20, 22, 0
1, 20, 23, 0
1, 21, 0, 0
1, 21, 1, 0
1, 21, 2, 0
1, 21, 3, 0
1, 21, 4, 0
1, 21, 5, 0
1, 21, 6, 0
1, 21, 7, 0
1, 21, 8, 0
1, 21, 9, 0
1, 21, 10, 127
1, 21, 11, 127
1, 21, 12, 0
1, 21, 13, 0
1, 21, 14, 41
1, 21, 15, 0
1, 21, 16, 0
1, 21, 17, 31
1, 21, 18, 0
1, 21, 19, 0
1, 21, 20, 0
1, 21, 21, 0
1, 21, 22, 0
1, 21, 23, 0
1, 22, 0, 0
1, 22, 1, 0
1, 22, 2, 0
1, 22, 3, 0
1, 22, 4, 0
1, 22, 5, 0
1, 22, 6, 0
1, 22, 7, 0
1, 22, 8, 0
1, 22, 9, 0
1, 22, 10, 127
1, 22, 11, 127
1, 22, 12, 3
1, 22, 13, 0
1, 22, 14, 9
1, 22, 15, 0
1, 22, 16, 32
1, 22, 17, 0
1, 22, 18, 0
1, 22, 19, 0
1, 22, 20, 0
1, 22, 21, 0
1, 22, 22, 0
1, 22, 23, 0
1, 23, 0, 0
1, 23, 1, 0
1, 23, 2, 0
1, 23, 3, 0
1, 23, 4, 0
1, 23, 5, 0
1, 23, 6, 0
1, 23, 7, 0
1, 23, 8, 0
1, 23, 9, 127
1, 23, 10, 0
1, 23, 11, 0
1, 23, 12, 3
1, 23, 13, 0
1, 23, 14, 0
1, 23, 15, 0
1, 23, 16, 69
1, 23, 17, 0
1, 23, 18, 0
1, 23, 19, 0
1, 23, 20, 0
1, 23, 21, 0
1, 23, 22, 0
1, 23, 23, 0
2, 0, 0, 0
2, 0, 1, 0
2, 0, 2, 0
2, 0, 3, 0
2, 0, 4, 0
2, 0, 5, 0
2, 0, 6, 0
2, 0, 7, 0
2, 0, 8, 0
2, 0, 9, 0
2, 0, 10, 0
2, 0, 11, 0
2, 0, 12, 0
2, 0, 13, 0
2, 0, 14, 0
2, 0, 15, 0
2, 0, 16, 0
2, 0, 17, 0
2, 0, 18, 0
2, 0, 19, 0
2, 0, 20, 0
2, 0, 21, 0
2, 0, 22, 0
2, 0, 23, 0
2, 1, 0, 0
2, 1, 1, 0
2, 1, 2, 0
2, 1, 3, 0
2, 1, 4, 127
2, 1, 5, 127
2, 1, 6, 127
2, 1, 7, 0
2, 1, 8, 127
2, 1, 9, 0
2, 1, 10, 0
2, 1, 11, 0
2, 1, 12, 0
2, 1, 13, 127
2, 1, 14, 127
2, 1, 15, 127
2, 1, 16, 127
2, 1, 17, 0
2, 1, 18, 0
2, 1, 19, 0
2, 1, 20, 0
2, 1, 21, 0
2, 1, 22, 0
2, 1, 23, 0
2, 2, 0, 0
2, 2, 1, 0
2, 2, 2, 0
2, 2, 3, 0
2, 2, 4, 127
2, 2, 5, 127
2, 2, 6, 127
2, 2, 7, 1
2, 2, 8, 127
2, 2, 9, 0
2, 2, 10, 0
2, 2, 11, 0
2, 2, 12, 0
2, 2, 13, 0
2, 2, 14, 6
2, 2, 15, 21
2, 2, 16, 127
2, 2, 17, 127
2, 2, 18, 0
2, 2, 19, 0
2, 2, 20, 0
2, 2, 21, 0
2, 2, 22, 0
2, 2, 23, 0
2, 3, 0, 0
2, 3, 1, 0
2, 3, 2, 0
2, 3, 3, 127
2, 3, 4, 127
2, 3, 5, 127
2, 3, 6, 34
2, 3, 7, 127
2, 3, 8, 127
2, 3, 9, 0
2, 3, 10, 0
2, 3, 11, 0
2, 3, 12, 0
2, 3, 13, 127
2, 3, 14, 127
2, 3, 15, 127
2, 3, 16, 127
2, 3, 17, 127
2, 3, 18, 0
2, 3, 19, 0
2, 3, 20, 0
2, 3, 21, 0
2, 3, 22, 0
2, 3, 23, 0
2, 4, 0, 0
2, 4, 1, 0
2, 4, 2, 0
2, 4, 3, 127
2, 4, 4, 127
2, 4, 5, 127
2, 4, 6, 0
2, 4, 7, 127
2, 4, 8, 127
2, 4, 9, 0
2, 4, 10, 0
2, 4, 11, 0
2, 4, 12, 0
2, 4, 13, 127
2, 4, 14, 127
2, 4, 15, 127
2, 4, 16, 127
2, 4, 17, 127
2, 4, 18, 0
2, 4, 19, 0
2, 4, 20, 0
2, 4, 21, 0
2, 4, 22, 0
2, 4, 23, 0
2, 5, 0, 0
2, 5, 1, 0
2, 5, 2, 127
2, 5, 3, 127
2, 5, 4, 127
2, 5, 5, 127
2, 5, 6, 127
2, 5, 7, 127
2, 5, 8, 0
2, 5, 9, 0
2, 5, 10, 0
2, 5, 11, 0
2, 5, 12, 0
2, 5, 13, 0
2, 5, 14, 2
2, 5, 15, 127
2, 5, 16, 127
2, 5, 17, 127
2, 5, 18, 6
2, 5, 19, 0
2, 5, 20, 0
2, 5, 21, 0
2, 5, 22, 0
2, 5, 23, 0
2, 6, 0, 0
2, 6, 1, 0
2, 6, 2, 0
2, 6, 3, 0
2, 6, 4, 127
2, 6, 5, 127
2, 6, 6, 127
2, 6, 7, 0
2, 6, 8, 0
2, 6, 9, 0
2, 6, 10, 0
2, 6, 11, 0
2, 6, 12, 127
2, 6, 13, 127
2, 6, 14, 127
2, 6, 15, 127
2, 6, 16, 127
2, 6, 17, 127
2, 6, 18, 0
2, 6, 19, 0
2, 6, 20, 0
2, 6, 21, 0
2, 6, 22, 0
2, 6, 23, 0
2, 7, 0, 0
2, 7, 1, 127
2, 7, 2, 127
2, 7, 3, 127
2, 7, 4, 24
2, 7, 5, 127
2, 7, 6, 127
2, 7, 7, 0
2, 7, 8, 0
2, 7, 9, 0
2, 7, 10, 0
2, 7, 11, 0
2, 7, 12, 0
2, 7, 13, 5
2, 7, 14, 17
2, 7, 15, 127
2, 7, 16, 127
2, 7, 17, 127
2, 7, 18, 0
2, 7, 19, 0
2, 7, 20, 0
2, 7, 21, 0
2, 7, 22, 0
2, 7, 23, 0
2, 8, 0, 0
2, 8, 1, 127
2, 8, 2, 12
2, 8, 3, 127
2, 8, 4, 127
2, 8, 5, 127
2, 8, 6, 0
2, 8, 7, 0
2, 8, 8, 0
2, 8, 9, 0
2, 8, 10, 0
2, 8, 11, 127
2, 8, 12, 127
2, 8, 13, 127
2, 8, 14, 127
2, 8, 15, 127
2, 8, 16, 127
2, 8, 17, 0
2, 8, 18, 0
2, 8, 19, 0
2, 8, 20, 0
2, 8, 21, 0
2, 8, 22, 0
2, 8, 23, 0
2, 9, 0, 0
2, 9, 1, 127
2, 9, 2, 127
2, 9, 3, 0
2, 9, 4, 127
2, 9, 5, 127
2, 9, 6, 0
2, 9, 7, 0
2, 9, 8, 0
2, 9, 9, 0
2, 9, 10, 0
2, 9, 11, 0
2, 9, 12, 20
2, 9, 13, 17
2, 9, 14, 127
2, 9, 15, 127
2, 9, 16, 127
2, 9, 17, 0
2, 9, 18, 0
2, 9, 19, 0
2, 9, 20, 0
2, 9, 21, 0
2, 9, 22, 0
2, 9, 23, 0
2, 10, 0, 0
2, 10, 1, 127
2, 10, 2, 127
2, 10, 3, 0
2, 10, 4, 127
2, 10, 5, 127
2, 10, 6, 0
2, 10, 7, 0
2, 10, 8, 0
2, 10, 9, 0
2, 10, 10, 0
2, 10, 11, 0
2, 10, 12, 0
2, 10, 13, 0
2, 10, 14, 127
2, 10, 15, 127
2, 10, 16, 127
2, 10, 17, 0
2, 10, 18, 0
2, 10, 19, 0
2, 10, 20, 0
2, 10, 21, 0
2, 10, 22, 0
2, 10, 23, 0
2, 11, 0, 0
2, 11, 1, 127
2, 11, 2, 127
2, 11, 3, 127
2, 11, 4, 127
2, 11, 5, 127
2, 11, 6, 0
2, 11, 7, 0
2, 11, 8, 0
2, 11, 9, 0
2, 11, 10, 127
2, 11, 11, 127
2, 11, 12, 127
2, 11, 13, 127
2, 11, 14, 127
2, 11, 15, 127
2, 11, 16, 0
2, 11, 17, 0
2, 11, 18, 0
2, 11, 19, 0
2, 11, 20, 0
2, 11, 21, 0
2, 11, 22, 0
2, 11, 23, 0
2, 12, 0, 0
2, 12, 1, 127
2, 12, 2, 2
2, 12, 3, 0
2, 12, 4, 127
2, 12, 5, 127
2, 12, 6, 127
2, 12, 7, 127
2, 12, 8, 127
2, 12, 9, 127
2, 12, 10, 53
2, 12, 11, 127
2, 12, 12, 127
2, 12, 13, 127
2, 12, 14, 127
2, 12, 15, 127
2, 12, 16, 0
2, 12, 17, 15
2, 12, 18, 0
2, 12, 19, 0
2, 12, 20, 0
2, 12, 21, 0
2, 12, 22, 0
2, 12, 23, 0
2, 13, 0, 0
2, 13, 1, 127
2, 13, 2, 127
2, 13, 3, 127
2, 13, 4, 0
2, 13, 5, 127
2, 13, 6, 127
2, 13, 7, 127
2, 13, 8, 127
2, 13, 9, 127
2, 13, 10, 127
2, 13, 11, 127
2, 13, 12, 127
2, 13, 13, 127
2, 13, 14, 127
2, 13, 15, 127
2, 13, 16, 0
2, 13, 17, 4
2, 13, 18, 13
2, 13, 19, 0
2, 13, 20, 0
2, 13, 21, 0
2, 13, 22, 0
2, 13, 23, 0
2, 14, 0, 0
2, 14, 1, 3
2, 14, 2, 0
2, 14, 3, 127
2, 14, 4, 127
2, 14, 5, 127
2, 14, 6, 127
2, 14, 7, 127
2, 14, 8, 127
2, 14, 9, 127
2, 14, 10, 14
2, 14, 11, 0
2, 14, 12, 8
2, 14, 13, 127
2, 14, 14, 127
2, 14, 15, 127
2, 14, 16, 0
2, 14, 17, 6
2, 14, 18, 0
2, 14, 19, 0
2, 14, 20, 0
2, 14, 21, 0
2, 14, 22, 0
2, 14, 23, 0
2, 15, 0, 0
2, 15, 1, 3
2, 15, 2, 0
2, 15, 3, 0
2, 15, 4, 0
2, 15, 5, 0
2, 15, 6, 40
2, 15, 7, 37
2, 15, 8, 52
2, 15, 9, 45
2, 15, 10, 127
2, 15, 11, 127
2, 15, 12, 127
2, 15, 13, 127
2, 15, 14, 127
2, 15, 15, 127
2, 15, 16, 0
2, 15, 17, 0
2, 15, 18, 0
2, 15, 19, 0
2, 15, 20, 0
2, 15, 21, 0
2, 15, 22, 0
2, 15, 23, 0
2, 16, 0, 0
2, 16, 1, 2
2, 16, 2, 0
2, 16, 3, 0
2, 16, 4, 0
2, 16, 5, 0
2, 16, 6, 0
2, 16, 7, 0
2, 16, 8, 0
2, 16, 9, 0
2, 16, 10, 0
2, 16, 11, 0
2, 16, 12, 98
2, 16, 13, 127
2, 16, 14, 127
2, 16, 15, 127
2, 16, 16, 13
2, 16, 17, 22
2, 16, 18, 0
2, 16, 19, 0
2, 16, 20, 0
2, 16, 21, 0
2, 16, 22, 0
2, 16, 23, 0
2, 17, 0, 0
2, 17, 1, 2
2, 17, 2, 0
2, 17, 3, 0
2, 17, 4, 0
2, 17, 5, 0
2, 17, 6, 27
2, 17, 7, 48
2, 17, 8, 45
2, 17, 9, 36
2, 17, 10, 127
2, 17, 11, 127
2, 17, 12, 127
2, 17, 13, 0
2, 17, 14, 127
2, 17, 15, 127
2, 17, 16, 0
2, 17, 17, 0
2, 17, 18, 0
2, 17, 19, 0
2, 17, 20, 0
2, 17, 21, 0
2, 17, 22, 0
2, 17, 23, 0
2, 18, 0, 0
2, 18, 1, 0
2, 18, 2, 0
2, 18, 3, 0
2, 18, 4, 0
2, 18, 5, 0
2, 18, 6, 0
2, 18, 7, 0
2, 18, 8, 0
2, 18, 9, 127
2, 18, 10, 2
2, 18, 11, 30
2, 18, 12, 127
2, 18, 13, 127
2, 18, 14, 127
2, 18, 15, 127
2, 18, 16, 0
2, 18, 17, 0
2, 18, 18, 0
2, 18, 19, 0
2, 18, 20, 0
2, 18, 21, 0
2, 18, 22, 0
2, 18, 23, 0
2, 19, 0, 0
2, 19, 1, 0
2, 19, 2, 0
2, 19, 3, 0
2, 19, 4, 0
2, 19, 5, 0
2, 19, 6, 0
2, 19, 7, 0
2, 19, 8, 0
2, 19, 9, 127
2, 19, 10, 0
2, 19, 11, 0
2, 19, 12, 127
2, 19, 13, 127
2, 19, 14, 127
2, 19, 15, 0
2, 19, 16, 0
2, 19, 17, 0
2, 19, 18, 0
2, 19, 19, 0
2, 19, 20, 0
2, 19, 21, 0
2, 19, 22, 0
2, 19, 23, 0
2, 20, 0, 0
2, 20, 1, 0
2, 20, 2, 0
2, 20, 3, 0
2, 20, 4, 0
2, 20, 5, 0
2, 20, 6, 0
2, 20, 7, 0
2, 20, 8, 0
2, 20, 9, 127
2, 20, 10, 0
2, 20, 11, 127
2, 20, 12, 127
2, 20, 13, 127
2, 20, 14, 31
2, 20, 15, 0
2, 20, 16, 0
2, 20, 17, 7
2, 20, 18, 0
2, 20, 19, 0
2, 20, 20, 0
2, 20, 21, 0
2, 20, 22, 0
2, 20, 23, 0
2, 21, 0, 0
2, 21, 1, 0
2, 21, 2, 0
2, 21, 3, 0
2, 21, 4, 0
2, 21, 5, 0
2, 21, 6, 0
2, 21, 7, 0
2, 21, 8, 0
2, 21, 9, 127
2, 21, 10, 0
2, 21, 11, 0
2, 21, 12, 127
2, 21, 13, 0
2, 21, 14, 0
2, 21, 15, 0
2, 21, 16, 0
2, 21, 17, 0
2, 21, 18, 0
2, 21, 19, 0
2, 21, 20, 0
2, 21, 21, 0
2, 21, 22, 0
2, 21, 23, 0
2, 22, 0, 0
2, 22, 1, 0
2, 22, 2, 0
2, 22, 3, 0
2, 22, 4, 0
2, 22, 5, 0
2, 22, 6, 0
2, 22, 7, 0
2, 22, 8, 0
2, 22, 9, 127
2, 22, 10, 0
2, 22, 11, 0
2, 22, 12, 127
2, 22, 13, 7
2, 22, 14, 9
2, 22, 15, 0
2, 22, 16, 11
2, 22, 17, 0
2, 22, 18, 0
2, 22, 19, 0
2, 22, 20, 0
2, 22, 21, 0
2, 22, 22, 0
2, 22, 23, 0
2, 23, 0, 0
2, 23, 1, 0
2, 23, 2, 0
2, 23, 3, 0
2, 23, 4, 0
2, 23, 5, 0
2, 23, 6, 0
2, 23, 7, 0
2, 23, 8, 0
2, 23, 9, 0
2, 23, 10, 127
2, 23, 11, 0
2, 23, 12, 0
2, 23, 13, 0
2, 23, 14, 0
2, 23, 15, 0
2, 23, 16, 0
2, 23, 17, 0
2, 23, 18, 0
2, 23, 19, 0
2, 23, 20, 0
2, 23, 21, 0
2, 23, 22, 0
2, 23, 23, 0
3, 0, 0, 0
3, 0, 1, 0
3, 0, 2, 0
3, 0, 3, 0
3, 0, 4, 0
3, 0, 5, 0
3, 0, 6, 0
3, 0, 7, 0
3, 0, 8, 0
3, 0, 9, 0
3, 0, 10, 0
3, 0, 11, 0
3, 0, 12, 0
3, 0, 13, 0
3, 0, 14, 0
3, 0, 15, 0
3, 0, 16, 0
3, 0, 17, 0
3, 0, 18, 0
3, 0, 19, 0
3, 0, 20, 0
3, 0, 21, 0
3, 0, 22, 0
3, 0, 23, 0
3, 1, 0, 0
3, 1, 1, 0
3, 1, 2, 0
3, 1, 3, 0
3, 1, 4, 127
3, 1, 5, 10
3, 1, 6, 127
3, 1, 7, 5
3, 1, 8, 127
3, 1, 9, 0
3, 1, 10, 0
3, 1, 11, 0
3, 1, 12, 0
3, 1, 13, 127
3, 1, 14, 127
3, 1, 15, 127
3, 1, 16, 127
3, 1, 17, 0
3, 1, 18, 0
3, 1, 19, 0
3, 1, 20, 0
3, 1, 21, 0
3, 1, 22, 0
3, 1, 23, 0
3, 2, 0, 0
3, 2, 1, 0
3, 2, 2, 0
3, 2, 3, 0
3, 2, 4, 127
3, 2, 5, 14
3, 2, 6, 127
3, 2, 7, 13
3, 2, 8, 127
3, 2, 9, 0
3, 2, 10, 0
3, 2, 11, 0
3, 2, 12, 0
3, 2, 13, 28
3, 2, 14, 127
3, 2, 15, 127
3, 2, 16, 127
3, 2, 17, 127
3, 2, 18, 0
3, 2, 19, 0
3, 2, 20, 0
3, 2, 21, 0
3, 2, 22, 0
3, 2, 23, 0
3, 3, 0, 0
3, 3, 1, 0
3, 3, 2, 0
3, 3, 3, 127
3, 3, 4, 14
3, 3, 5, 127
3, 3, 6, 127
3, 3, 7, 127
3, 3, 8, 127
3, 3, 9, 27
3, 3, 10, 0
3, 3, 11, 0
3, 3, 12, 0
3, 3, 13, 127
3, 3, 14, 0
3, 3, 15, 127
3, 3, 16, 0
3, 3, 17, 127
3, 3, 18, 0
3, 3, 19, 0
3, 3, 20, 0
3, 3, 21, 0
3, 3, 22, 0
3, 3, 23, 0
3, 4, 0, 0
3, 4, 1, 0
3, 4, 2, 0
3, 4, 3, 127
3, 4, 4, 5
3, 4, 5, 127
3, 4, 6, 127
3, 4, 7, 127
3, 4, 8, 127
3, 4, 9, 0
3, 4, 10, 0
3, 4, 11, 0
3, 4, 12, 0
3, 4, 13, 127
3, 4, 14, 43
3, 4, 15, 127
3, 4, 16, 30
3, 4, 17, 127
3, 4, 18, 27
3, 4, 19, 0
3, 4, 20, 0
3, 4, 21, 0
3, 4, 22, 0
3, 4, 23, 0
3, 5, 0, 0
3, 5, 1, 0
3, 5, 2, 127
3, 5, 3, 6
3, 5, 4, 127
3, 5, 5, 127
3, 5, 6, 127
3, 5, 7, 127
3, 5, 8, 14
3, 5, 9, 22
3, 5, 10, 0
3, 5, 11, 0
3, 5, 12, 0
3, 5, 13, 15
3, 5, 14, 127
3, 5, 15, 127
3, 5, 16, 127
3, 5, 17, 127
3, 5, 18, 21
3, 5, 19, 3
3, 5, 20, 0
3, 5, 21, 0
3, 5, 22, 0
3, 5, 23, 0
3, 6, 0, 0
3, 6, 1, 0
3, 6, 2, 23
3, 6, 3, 127
3, 6, 4, 127
3, 6, 5, 127
3, 6, 6, 127
3, 6, 7, 0
3, 6, 8, 22
3, 6, 9, 37
3, 6, 10, 26
3, 6, 11, 0
3, 6, 12, 127
3, 6, 13, 0
3, 6, 14, 127
3, 6, 15, 127
3, 6, 16, 127
3, 6, 17, 127
3, 6, 18, 0
3, 6, 19, 0
3, 6, 20, 0
3, 6, 21, 0
3, 6, 22, 0
3, 6, 23, 0
3, 7, 0, 0
3, 7, 1, 127
3, 7, 2, 8
3, 7, 3, 127
3, 7, 4, 127
3, 7, 5, 127
3, 7, 6, 127
3, 7, 7, 11
3, 7, 8, 0
3, 7, 9, 0
3, 7, 10, 9
3, 7, 11, 0
3, 7, 12, 29
3, 7, 13, 127
3, 7, 14, 127
3, 7, 15, 127
3, 7, 16, 127
3, 7, 17, 127
3, 7, 18, 0
3, 7, 19, 15
3, 7, 20, 0
3, 7, 21, 0
3, 7, 22, 0
3, 7, 23, 0
3, 8, 0, 0
3, 8, 1, 127
3, 8, 2, 127
3, 8, 3, 127
3, 8, 4, 127
3, 8, 5, 127
3, 8, 6, 24
3, 8, 7, 8
3, 8, 8, 0
3, 8, 9, 8
3, 8, 10, 6
3, 8, 11, 127
3, 8, 12, 15
3, 8, 13, 127
3, 8, 14, 127
3, 8, 15, 127
3, 8, 16, 127
3, 8, 17, 0
3, 8, 18, 0
3, 8, 19, 0
3, 8, 20, 0
3, 8, 21, 0
3, 8, 22, 0
3, 8, 23, 0
3, 9, 0, 0
3, 9, 1, 127
3, 9, 2, 127
3, 9, 3, 127
3, 9, 4, 127
3, 9, 5, 127
3, 9, 6, 10
3, 9, 7, 6
3, 9, 8, 0
3, 9, 9, 8
3, 9, 10, 6
3, 9, 11, 28
3, 9, 12, 127
3, 9, 13, 127
3, 9, 14, 127
3, 9, 15, 127
3, 9, 16, 127
3, 9, 17, 7
3, 9, 18, 0
3, 9, 19, 33
3, 9, 20, 0
3, 9, 21, 0
3, 9, 22, 0
3, 9, 23, 0
3, 10, 0, 0
3, 10, 1, 127
3, 10, 2, 127
3, 10, 3, 127
3, 10, 4, 127
3, 10, 5, 127
3, 10, 6, 0
3, 10, 7, 0
3, 10, 8, 0
3, 10, 9, 9
3, 10, 10, 7
3, 10, 11, 17
3, 10, 12, 127
3, 10, 13, 127
3, 10, 14, 127
3, 10, 15, 127
3, 10, 16, 127
3, 10, 17, 0
3, 10, 18, 0
3, 10, 19, 11
3, 10, 20, 0
3, 10, 21, 0
3, 10, 22, 0
3, 10, 23, 0
3, 11, 0, 0
3, 11, 1, 127
3, 11, 2, 127
3, 11, 3, 127
3, 11, 4, 127
3, 11, 5, 127
3, 11, 6, 0
3, 11, 7, 0
3, 11, 8, 0
3, 11, 9, 5
3, 11, 10, 127
3, 11, 11, 0
3, 11, 12, 127
3, 11, 13, 127
3, 11, 14, 127
3, 11, 15, 127
3, 11, 16, 26
3, 11, 17, 0
3, 11, 18, 0
3, 11, 19, 23
3, 11, 20, 0
3, 11, 21, 0
3, 11, 22, 0
3, 11, 23, 0
3, 12, 0, 0
3, 12, 1, 127
3, 12, 2, 127
3, 12, 3, 127
3, 12, 4, 127
3, 12, 5, 127
3, 12, 6, 127
3, 12, 7, 127
3, 12, 8, 127
3, 12, 9, 127
3, 12, 10, 127
3, 12, 11, 127
3, 12, 12, 127
3, 12, 13, 127
3, 12, 14, 127
3, 12, 15, 127
3, 12, 16, 26
3, 12, 17, 20
3, 12, 18, 0
3, 12, 19, 25
3, 12, 20, 0
3, 12, 21, 0
3, 12, 22, 0
3, 12, 23, 0
3, 13, 0, 0
3, 13, 1, 127
3, 13, 2, 0
3, 13, 3, 127
3, 13, 4, 127
3, 13, 5, 127
3, 13, 6, 127
3, 13, 7, 127
3, 13, 8, 127
3, 13, 9, 127
3, 13, 10, 127
3, 13, 11, 127
3, 13, 12, 127
3, 13, 13, 127
3, 13, 14, 127
3, 13, 15, 127
3, 13, 16, 95
3, 13, 17, 6
3, 13, 18, 40
3, 13, 19, 25
3, 13, 20, 0
3, 13, 21, 0
3, 13, 22, 0
3, 13, 23, 0
3, 14, 0, 0
3, 14, 1, 17
3, 14, 2, 11
3, 14, 3, 127
3, 14, 4, 127
3, 14, 5, 127
3, 14, 6, 127
3, 14, 7, 127
3, 14, 8, 127
3, 14, 9, 127
3, 14, 10, 29
3, 14, 11, 127
3, 14, 12, 127
3, 14, 13, 127
3, 14, 14, 127
3, 14, 15, 127
3, 14, 16, 67
3, 14, 17, 9
3, 14, 18, 16
3, 14, 19, 25
3, 14, 20, 0
3, 14, 21, 0
3, 14, 22, 0
3, 14, 23, 0
3, 15, 0, 0
3, 15, 1, 17
3, 15, 2, 0
3, 15, 3, 0
3, 15, 4, 0
3, 15, 5, 76
3, 15, 6, 31
3, 15, 7, 88
3, 15, 8, 110
3, 15, 9, 61
3, 15, 10, 127
3, 15, 11, 0
3, 15, 12, 127
3, 15, 13, 127
3, 15, 14, 127
3, 15, 15, 127
3, 15, 16, 7
3, 15, 17, 0
3, 15, 18, 0
3, 15, 19, 28
3, 15, 20, 0
3, 15, 21, 0
3, 15, 22, 0
3, 15, 23, 0
3, 16, 0, 0
3, 16, 1, 12
3, 16, 2, 1
3, 16, 3, 0
3, 16, 4, 0
3, 16, 5, 3
3, 16, 6, 0
3, 16, 7, 0
3, 16, 8, 0
3, 16, 9, 0
3, 16, 10, 0
3, 16, 11, 127
3, 16, 12, 127
3, 16, 13, 127
3, 16, 14, 127
3, 16, 15, 127
3, 16, 16, 0
3, 16, 17, 0
3, 16, 18, 2
3, 16, 19, 28
3, 16, 20, 0
3, 16, 21, 0
3, 16, 22, 0
3, 16, 23, 0
3, 17, 0, 0
3, 17, 1, 12
3, 17, 2, 0
3, 17, 3, 0
3, 17, 4, 14
3, 17, 5, 29
3, 17, 6, 24
3, 17, 7, 27
3, 17, 8, 31
3, 17, 9, 5
3, 17, 10, 127
3, 17, 11, 38
3, 17, 12, 127
3, 17, 13, 127
3, 17, 14, 127
3, 17, 15, 127
3, 17, 16, 0
3, 17, 17, 0
3, 17, 18, 0
3, 17, 19, 0
3, 17, 20, 0
3, 17, 21, 0
3, 17, 22, 0
3, 17, 23, 0
3, 18, 0, 0
3, 18, 1, 0
3, 18, 2, 0
3, 18, 3, 0
3, 18, 4, 0
3, 18, 5, 0
3, 18, 6, 0
3, 18, 7, 0
3, 18, 8, 0
3, 18, 9, 127
3, 18, 10, 36
3, 18, 11, 127
3, 18, 12, 127
3, 18, 13, 127
3, 18, 14, 127
3, 18, 15, 127
3, 18, 16, 0
3, 18, 17, 0
3, 18, 18, 0
3, 18, 19, 0
3, 18, 20, 0
3, 18, 21, 0
3, 18, 22, 0
3, 18, 23, 0
3, 19, 0, 0
3, 19, 1, 0
3, 19, 2, 0
3, 19, 3, 0
3, 19, 4, 0
3, 19, 5, 0
3, 19, 6, 0
3, 19, 7, 0
3, 19, 8, 0
3, 19, 9, 127
3, 19, 10, 8
3, 19, 11, 127
3, 19, 12, 127
3, 19, 13, 127
3, 19, 14, 127
3, 19, 15, 0
3, 19, 16, 0
3, 19, 17, 0
3, 19, 18, 0
3, 19, 19, 0
3, 19, 20, 0
3, 19, 21, 0
3, 19, 22, 0
3, 19, 23, 0
3, 20, 0, 0
3, 20, 1, 0
3, 20, 2, 0
3, 20, 3, 0
3, 20, 4, 0
3, 20, 5, 0
3, 20, 6, 0
3, 20, 7, 0
3, 20, 8, 0
3, 20, 9, 127
3, 20, 10, 23
3, 20, 11, 127
3, 20, 12, 127
3, 20, 13, 127
3, 20, 14, 127
3, 20, 15, 71
3, 20, 16, 0
3, 20, 17, 50
3, 20, 18, 0
3, 20, 19, 0
3, 20, 20, 0
3, 20, 21, 0
3, 20, 22, 0
3, 20, 23, 0
3, 21, 0, 0
3, 21, 1, 0
3, 21, 2, 0
3, 21, 3, 0
3, 21, 4, 0
3, 21, 5, 0
3, 21, 6, 0
3, 21, 7, 0
3, 21, 8, 0
3, 21, 9, 127
3, 21, 10, 0
3, 21, 11, 0
3, 21, 12, 127
3, 21, 13, 5
3, 21, 14, 52
3, 21, 15, 0
3, 21, 16, 0
3, 21, 17, 0
3, 21, 18, 2
3, 21, 19, 0
3, 21, 20, 0
3, 21, 21, 0
3, 21, 22, 0
3, 21, 23, 0
3, 22, 0, 0
3, 22, 1, 0
3, 22, 2, 0
3, 22, 3, 0
3, 22, 4, 0
3, 22, 5, 0
3, 22, 6, 0
3, 22, 7, 0
3, 22, 8, 0
3, 22, 9, 127
3, 22, 10, 0
3, 22, 11, 0
3, 22, 12, 127
3, 22, 13, 76
3, 22, 14, 0
3, 22, 15, 0
3, 22, 16, 45
3, 22, 17, 0
3, 22, 18, 0
3, 22, 19, 0
3, 22, 20, 0
3, 22, 21, 0
3, 22, 22, 0
3, 22, 23, 0
3, 23, 0, 0
3, 23, 1, 0
3, 23, 2, 0
3, 23, 3, 0
3, 23, 4, 0
3, 23, 5, 0
3, 23, 6, 0
3, 23, 7, 0
3, 23, 8, 0
3, 23, 9, 9
3, 23, 10, 127
3, 23, 11, 0
3, 23, 12, 0
3, 23, 13, 63
3, 23, 14, 0
3, 23, 15, 16
3, 23, 16, 10
3, 23, 17, 0
3, 23, 18, 0
3, 23, 19, 0
3, 23, 20, 0
3, 23, 21, 0
3, 23, 22, 0
3, 23, 23, 0
4, 0, 0, 0
4, 0, 1, 0
4, 0, 2, 0
4, 0, 3, 0
4, 0, 4, 0
4, 0, 5, 0
4, 0, 6, 0
4, 0, 7, 0
4, 0, 8, 0
4, 0, 9, 0
4, 0, 10, 0
4, 0, 11, 0
4, 0, 12, 0
4, 0, 13, 0
4, 0, 14, 0
4, 0, 15, 0
4, 0, 16, 0
4, 0, 17, 0
4, 0, 18, 0
4, 0, 19, 0
4, 0, 20, 0
4, 0, 21, 0
4, 0, 22, 0
4, 0, 23, 0
4, 1, 0, 0
4, 1, 1, 0
4, 1, 2, 0
4, 1, 3, 0
4, 1, 4, 127
4, 1, 5, 127
4, 1, 6, 0
4, 1, 7, 127
4, 1, 8, 0
4, 1, 9, 0
4, 1, 10, 0
4, 1, 11, 0
4, 1, 12, 0
4, 1, 13, 127
4, 1, 14, 127
4, 1, 15, 127
4, 1, 16, 127
4, 1, 17, 127
4, 1, 18, 0
4, 1, 19, 0
4, 1, 20, 0
4, 1, 21, 0
4, 1, 22, 0
4, 1, 23, 0
4, 2, 0, 0
4, 2, 1, 0
4, 2, 2, 0
4, 2, 3, 0
4, 2, 4, 127
4, 2, 5, 127
4, 2, 6, 0
4, 2, 7, 127
4, 2, 8, 0
4, 2, 9, 0
4, 2, 10, 0
4, 2, 11, 0
4, 2, 12, 0
4, 2, 13, 0
4, 2, 14, 0
4, 2, 15, 127
4, 2, 16, 127
4, 2, 17, 0
4, 2, 18, 0
4, 2, 19, 0
4, 2, 20, 0
4, 2, 21, 0
4, 2, 22, 0
4, 2, 23, 0
4, 3, 0, 0
4, 3, 1, 0
4, 3, 2, 0
4, 3, 3, 127
4, 3, 4, 127
4, 3, 5, 0
4, 3, 6, 127
4, 3, 7, 127
4, 3, 8, 0
4, 3, 9, 0
4, 3, 10, 0
4, 3, 11, 0
4, 3, 12, 0
4, 3, 13, 127
4, 3, 14, 127
4, 3, 15, 127
4, 3, 16, 127
4, 3, 17, 0
4, 3, 18, 127
4, 3, 19, 0
4, 3, 20, 0
4, 3, 21, 0
4, 3, 22, 0
4, 3, 23, 0
4, 4, 0, 0
4, 4, 1, 0
4, 4, 2, 0
4, 4, 3, 127
4, 4, 4, 127
4, 4, 5, 0
4, 4, 6, 127
4, 4, 7, 127
4, 4, 8, 0
4, 4, 9, 0
4, 4, 10, 0
4, 4, 11, 0
4, 4, 12, 0
4, 4, 13, 127
4, 4, 14, 127
4, 4, 15, 127
4, 4, 16, 127
4, 4, 17, 0
4, 4, 18, 127
4, 4, 19, 0
4, 4, 20, 0
4, 4, 21, 0
4, 4, 22, 0
4, 4, 23, 0
4, 5, 0, 0
4, 5, 1, 0
4, 5, 2, 127
4, 5, 3, 127
4, 5, 4, 0
4, 5, 5, 127
4, 5, 6, 127
4, 5, 7, 0
4, 5, 8, 127
4, 5, 9, 0
4, 5, 10, 0
4, 5, 11, 0
4, 5, 12, 0
4, 5, 13, 0
4, 5, 14, 0
4, 5, 15, 127
4, 5, 16, 127
4, 5, 17, 0
4, 5, 18, 127
4, 5, 19, 0
4, 5, 20, 0
4, 5, 21, 0
4, 5, 22, 0
4, 5, 23, 0
4, 6, 0, 0
4, 6, 1, 0
4, 6, 2, 0
4, 6, 3, 0
4, 6, 4, 127
4, 6, 5, 127
4, 6, 6, 0
4, 6, 7, 127
4, 6, 8, 0
4, 6, 9, 0
4, 6, 10, 0
4, 6, 11, 0
4, 6, 12, 127
4, 6, 13, 127
4, 6, 14, 0
4, 6, 15, 127
4, 6, 16, 127
4, 6, 17, 0
4, 6, 18, 127
4, 6, 19, 0
4, 6, 20, 0
4, 6, 21, 0
4, 6, 22, 0
4, 6, 23, 0
4, 7, 0, 0
4, 7, 1, 127
4, 7, 2, 127
4, 7, 3, 0
4, 7, 4, 127
4, 7, 5, 127
4, 7, 6, 0
4, 7, 7, 0
4, 7, 8, 0
4, 7, 9, 0
4, 7, 10, 0
4, 7, 11, 0
4, 7, 12, 0
4, 7, 13, 0
4, 7, 14, 127
4, 7, 15, 127
4, 7, 16, 127
4, 7, 17, 0
4, 7, 18, 127
4, 7, 19, 0
4, 7, 20, 0
4, 7, 21, 0
4, 7, 22, 0
4, 7, 23, 0
4, 8, 0, 0
4, 8, 1, 0
4, 8, 2, 127
4, 8, 3, 127
4, 8, 4, 127
4, 8, 5, 0
4, 8, 6, 127
4, 8, 7, 0
4, 8, 8, 0
4, 8, 9, 0
4, 8, 10, 0
4, 8, 11, 127
4, 8, 12, 127
4, 8, 13, 127
4, 8, 14, 127
4, 8, 15, 127
4, 8, 16, 0
4, 8, 17, 127
4, 8, 18, 0
4, 8, 19, 0
4, 8, 20, 0
4, 8, 21, 0
4, 8, 22, 0
4, 8, 23, 0
4, 9, 0, 0
4, 9, 1, 127
4, 9, 2, 127
4, 9, 3, 127
4, 9, 4, 127
4, 9, 5, 0
4, 9, 6, 0
4, 9, 7, 0
4, 9, 8, 0
4, 9, 9, 0
4, 9, 10, 0
4, 9, 11, 0
4, 9, 12, 127
4, 9, 13, 127
4, 9, 14, 127
4, 9, 15, 127
4, 9, 16, 0
4, 9, 17, 0
4, 9, 18, 0
4, 9, 19, 0
4, 9, 20, 0
4, 9, 21, 0
4, 9, 22, 0
4, 9, 23, 0
4, 10, 0, 0
4, 10, 1, 127
4, 10, 2, 127
4, 10, 3, 127
4, 10, 4, 127
4, 10, 5, 0
4, 10, 6, 0
4, 10, 7, 0
4, 10, 8, 0
4, 10, 9, 0
4, 10, 10, 0
4, 10, 11, 0
4, 10, 12, 127
4, 10, 13, 127
4, 10, 14, 127
4, 10, 15, 127
4, 10, 16, 0
4, 10, 17, 0
4, 10, 18, 0
4, 10, 19, 0
4, 10, 20, 0
4, 10, 21, 0
4, 10, 22, 0
4, 10, 23, 0
4, 11, 0, 0
4, 11, 1, 127
4, 11, 2, 127
4, 11, 3, 127
4, 11, 4, 127
4, 11, 5, 0
4, 11, 6, 127
4, 11, 7, 0
4, 11, 8, 0
4, 11, 9, 0
4, 11, 10, 127
4, 11, 11, 127
4, 11, 12, 127
4, 11, 13, 127
4, 11, 14, 127
4, 11, 15, 0
4, 11, 16, 127
4, 11, 17, 0
4, 11, 18, 0
4, 11, 19, 0
4, 11, 20, 0
4, 11, 21, 0
4, 11, 22, 0
4, 11, 23, 0
4, 12, 0, 0
4, 12, 1, 0
4, 12, 2, 127
4, 12, 3, 127
4, 12, 4, 127
4, 12, 5, 127
4, 12, 6, 127
4, 12, 7, 127
4, 12, 8, 127
4, 12, 9, 127
4, 12, 10, 127
4, 12, 11, 127
4, 12, 12, 127
4, 12, 13, 127
4, 12, 14, 127
4, 12, 15, 0
4, 12, 16, 127
4, 12, 17, 0
4, 12, 18, 0
4, 12, 19, 0
4, 12, 20, 0
4, 12, 21, 0
4, 12, 22, 0
4, 12, 23, 0
4, 13, 0, 0
4, 13, 1, 127
4, 13, 2, 127
4, 13, 3, 0
4, 13, 4, 127
4, 13, 5, 127
4, 13, 6, 127
4, 13, 7, 127
4, 13, 8, 127
4, 13, 9, 127
4, 13, 10, 127
4, 13, 11, 127
4, 13, 12, 127
4, 13, 13, 127
4, 13, 14, 127
4, 13, 15, 0
4, 13, 16, 127
4, 13, 17, 0
4, 13, 18, 0
4, 13, 19, 0
4, 13, 20, 0
4, 13, 21, 0
4, 13, 22, 0
4, 13, 23, 0
4, 14, 0, 0
4, 14, 1, 127
4, 14, 2, 0
4, 14, 3, 127
4, 14, 4, 127
4, 14, 5, 127
4, 14, 6, 127
4, 14, 7, 127
4, 14, 8, 127
4, 14, 9, 127
4, 14, 10, 127
4, 14, 11, 127
4, 14, 12, 127
4, 14, 13, 127
4, 14, 14, 127
4, 14, 15, 0
4, 14, 16, 0
4, 14, 17, 0
4, 14, 18, 0
4, 14, 19, 0
4, 14, 20, 0
4, 14, 21, 0
4, 14, 22, 0
4, 14, 23, 0
4, 15, 0, 0
4, 15, 1, 127
4, 15, 2, 0
4, 15, 3, 0
4, 15, 4, 0
4, 15, 5, 0
4, 15, 6, 0
4, 15, 7, 0
4, 15, 8, 0
4, 15, 9, 0
4, 15, 10, 127
4, 15, 11, 127
4, 15, 12, 127
4, 15, 13, 127
4, 15, 14, 127
4, 15, 15, 0
4, 15, 16, 127
4, 15, 17, 0
4, 15, 18, 0
4, 15, 19, 0
4, 15, 20, 0
4, 15, 21, 0
4, 15, 22, 0
4, 15, 23, 0
4, 16, 0, 0
4, 16, 1, 127
4, 16, 2, 0
4, 16, 3, 0
4, 16, 4, 0
4, 16, 5, 0
4, 16, 6, 0
4, 16, 7, 0
4, 16, 8, 0
4, 16, 9, 0
4, 16, 10, 127
4, 16, 11, 127
4, 16, 12, 127
4, 16, 13, 127
4, 16, 14, 127
4, 16, 15, 0
4, 16, 16, 0
4, 16, 17, 0
4, 16, 18, 0
4, 16, 19, 0
4, 16, 20, 0
4, 16, 21, 0
4, 16, 22, 0
4, 16, 23, 0
4, 17, 0, 0
4, 17, 1, 127
4, 17, 2, 0
4, 17, 3, 0
4, 17, 4, 0
4, 17, 5, 0
4, 17, 6, 0
4, 17, 7, 0
4, 17, 8, 0
4, 17, 9, 0
4, 17, 10, 127
4, 17, 11, 127
4, 17, 12, 127
4, 17, 13, 127
4, 17, 14, 127
4, 17, 15, 0
4, 17, 16, 0
4, 17, 17, 0
4, 17, 18, 0
4, 17, 19, 0
4, 17, 20, 0
4, 17, 21, 0
4, 17, 22, 0
4, 17, 23, 0
4, 18, 0, 0
4, 18, 1, 0
4, 18, 2, 0
4, 18, 3, 0
4, 18, 4, 0
4, 18, 5, 0
4, 18, 6, 0
4, 18, 7, 0
4, 18, 8, 0
4, 18, 9, 0
4, 18, 10, 127
4, 18, 11, 127
4, 18, 12, 127
4, 18, 13, 127
4, 18, 14, 127
4, 18, 15, 0
4, 18, 16, 0
4, 18, 17, 0
4, 18, 18, 0
4, 18, 19, 0
4, 18, 20, 0
4, 18, 21, 0
4, 18, 22, 0
4, 18, 23, 0
4, 19, 0, 0
4, 19, 1, 0
4, 19, 2, 0
4, 19, 3, 0
4, 19, 4, 0
4, 19, 5, 0
4, 19, 6, 0
4, 19, 7, 0
4, 19, 8, 0
4, 19, 9, 0
4, 19, 10, 127
4, 19, 11, 127
4, 19, 12, 127
4, 19, 13, 127
4, 19, 14, 0
4, 19, 15, 127
4, 19, 16, 0
4, 19, 17, 0
4, 19, 18, 0
4, 19, 19, 0
4, 19, 20, 0
4, 19, 21, 0
4, 19, 22, 0
4, 19, 23, 0
4, 20, 0, 0
4, 20, 1, 0
4, 20, 2, 0
4, 20, 3, 0
4, 20, 4, 0
4, 20, 5, 0
4, 20, 6, 0
4, 20, 7, 0
4, 20, 8, 0
4, 20, 9, 0
4, 20, 10, 127
4, 20, 11, 127
4, 20, 12, 127
4, 20, 13, 0
4, 20, 14, 127
4, 20, 15, 0
4, 20, 16, 0
4, 20, 17, 0
4, 20, 18, 0
4, 20, 19, 0
4, 20, 20, 0
4, 20, 21, 0
4, 20, 22, 0
4, 20, 23, 0
4, 21, 0, 0
4, 21, 1, 0
4, 21, 2, 0
4, 21, 3, 0
4, 21, 4, 0
4, 21, 5, 0
4, 21, 6, 0
4, 21, 7, 0
4, 21, 8, 0
4, 21, 9, 0
4, 21, 10, 127
4, 21, 11, 127
4, 21, 12, 0
4, 21, 13, 0
4, 21, 14, 0
4, 21, 15, 0
4, 21, 16, 0
4, 21, 17, 0
4, 21, 18, 0
4, 21, 19, 0
4, 21, 20, 0
4, 21, 21, 0
4, 21, 22, 0
4, 21, 23, 0
4, 22, 0, 0
4, 22, 1, 0
4, 22, 2, 0
4, 22, 3, 0
4, 22, 4, 0
4, 22, 5, 0
4, 22, 6, 0
4, 22, 7, 0
4, 22, 8, 0
4, 22, 9, 0
4, 22, 10, 127
4, 22, 11, 127
4, 22, 12, 0
4, 22, 13, 0
4, 22, 14, 0
4, 22, 15, 0
4, 22, 16, 0
4, 22, 17, 0
4, 22, 18, 0
4, 22, 19, 0
4, 22, 20, 0
4, 22, 21, 0
4, 22, 22, 0
4, 22, 23, 0
4, 23, 0, 0
4, 23, 1, 0
4, 23, 2, 0
4, 23, 3, 0
4, 23, 4, 0
4, 23, 5, 0
4, 23, 6, 0
4, 23, 7, 0
4, 23, 8, 0
4, 23, 9, 127
4, 23, 10, 0
4, 23, 11, 0
4, 23, 12, 0
4, 23, 13, 0
4, 23, 14, 0
4, 23, 15, 0
4, 23, 16, 0
4, 23, 17, 0
4, 23, 18, 0
4, 23, 19, 0
4, 23, 20, 0
4, 23, 21, 0
4, 23, 22, 0
4, 23, 23, 0
5, 0, 0, 0
5, 0, 1, 0
5, 0, 2, 0
5, 0, 3, 0
5, 0, 4, 0
5, 0, 5, 0
5, 0, 6, 0
5, 0, 7, 0
5, 0, 8, 0
5, 0, 9, 0
5, 0, 10, 0
5, 0, 11, 0
5, 0, 12, 0
5, 0, 13, 0
5, 0, 14, 0
5, 0, 15, 0
5, 0, 16, 0
5, 0, 17, 0
5, 0, 18, 0
5, 0, 19, 0
5, 0, 20, 0
5, 0, 21, 0
5, 0, 22, 0
5, 0, 23, 0
5, 1, 0, 0
5, 1, 1, 0
5, 1, 2, 0
5, 1, 3, 0
5, 1, 4, 127
5, 1, 5, 0
5, 1, 6, 127
5, 1, 7, 127
5, 1, 8, 0
5, 1, 9, 0
5, 1, 10, 0
5, 1, 11, 0
5, 1, 12, 0
5, 1, 13, 127
5, 1, 14, 127
5, 1, 15, 0
5, 1, 16, 127
5, 1, 17, 127
5, 1, 18, 0
5, 1, 19, 0
5, 1, 20, 0
5, 1, 21, 0
5, 1, 22, 0
5, 1, 23, 0
5, 2, 0, 0
5, 2, 1, 0
5, 2, 2, 0
5, 2, 3, 0
5, 2, 4, 127
5, 2, 5, 0
5, 2, 6, 127
5, 2, 7, 127
5, 2, 8, 0
5, 2, 9, 0
5, 2, 10, 0
5, 2, 11, 0
5, 2, 12, 0
5, 2, 13, 0
5, 2, 14, 127
5, 2, 15, 127
5, 2, 16, 127
5, 2, 17, 0
5, 2, 18, 0
5, 2, 19, 0
5, 2, 20, 0
5, 2, 21, 0
5, 2, 22, 0
5, 2, 23, 0
5, 3, 0, 0
5, 3, 1, 0
5, 3, 2, 0
5, 3, 3, 127
5, 3, 4, 0
5, 3, 5, 127
5, 3, 6, 127
5, 3, 7, 127
5, 3, 8, 0
5, 3, 9, 0
5, 3, 10, 0
5, 3, 11, 0
5, 3, 12, 0
5, 3, 13, 127
5, 3, 14, 0
5, 3, 15, 127
5, 3, 16, 127
5, 3, 17, 0
5, 3, 18, 127
5, 3, 19, 0
5, 3, 20, 0
5, 3, 21, 0
5, 3, 22, 0
5, 3, 23, 0
5, 4, 0, 0
5, 4, 1, 0
5, 4, 2, 0
5, 4, 3, 127
5, 4, 4, 0
5, 4, 5, 127
5, 4, 6, 127
5, 4, 7, 127
5, 4, 8, 0
5, 4, 9, 0
5, 4, 10, 0
5, 4, 11, 0
5, 4, 12, 0
5, 4, 13, 127
5, 4, 14, 0
5, 4, 15, 127
5, 4, 16, 127
5, 4, 17, 0
5, 4, 18, 127
5, 4, 19, 0
5, 4, 20, 0
5, 4, 21, 0
5, 4, 22, 0
5, 4, 23, 0
5, 5, 0, 0
5, 5, 1, 0
5, 5, 2, 127
5, 5, 3, 0
5, 5, 4, 127
5, 5, 5, 127
5, 5, 6, 127
5, 5, 7, 0
5, 5, 8, 127
5, 5, 9, 0
5, 5, 10, 0
5, 5, 11, 0
5, 5, 12, 0
5, 5, 13, 0
5, 5, 14, 127
5, 5, 15, 127
5, 5, 16, 127
5, 5, 17, 0
5, 5, 18, 127
5, 5, 19, 0
5, 5, 20, 0
5, 5, 21, 0
5, 5, 22, 0
5, 5, 23, 0
5, 6, 0, 0
5, 6, 1, 0
5, 6, 2, 0
5, 6, 3, 127
5, 6, 4, 127
5, 6, 5, 127
5, 6, 6, 0
5, 6, 7, 127
5, 6, 8, 0
5, 6, 9, 0
5, 6, 10, 0
5, 6, 11, 0
5, 6, 12, 127
5, 6, 13, 0
5, 6, 14, 127
5, 6, 15, 127
5, 6, 16, 127
5, 6, 17, 0
5, 6, 18, 127
5, 6, 19, 0
5, 6, 20, 0
5, 6, 21, 0
5, 6, 22, 0
5, 6, 23, 0
5, 7, 0, 0
5, 7, 1, 127
5, 7, 2, 0
5, 7, 3, 127
5, 7, 4, 127
5, 7, 5, 127
5, 7, 6, 0
5, 7, 7, 0
5, 7, 8, 0
5, 7, 9, 0
5, 7, 10, 0
5, 7, 11, 0
5, 7, 12, 0
5, 7, 13, 127
5, 7, 14, 127
5, 7, 15, 127
5, 7, 16, 127
5, 7, 17, 0
5, 7, 18, 127
5, 7, 19, 0
5, 7, 20, 0
5, 7, 21, 0
5, 7, 22, 0
5, 7, 23, 0
5, 8, 0, 0
5, 8, 1, 127
5, 8, 2, 127
5, 8, 3, 127
5, 8, 4, 127
5, 8, 5, 0
5, 8, 6, 127
5, 8, 7, 0
5, 8, 8, 0
5, 8, 9, 0
5, 8, 10, 0
5, 8, 11, 127
5, 8, 12, 0
5, 8, 13, 127
5, 8, 14, 127
5, 8, 15, 127
5, 8, 16, 0
5, 8, 17, 127
5, 8, 18, 0
5, 8, 19, 0
5, 8, 20, 0
5, 8, 21, 0
5, 8, 22, 0
5, 8, 23, 0
5, 9, 0, 0
5, 9, 1, 127
5, 9, 2, 127
5, 9, 3, 127
5, 9, 4, 127
5, 9, 5, 0
5, 9, 6, 0
5, 9, 7, 0
5, 9, 8, 0
5, 9, 9, 0
5, 9, 10, 0
5, 9, 11, 0
5, 9, 12, 127
5, 9, 13, 127
5, 9, 14, 127
5, 9, 15, 127
5, 9, 16, 0
5, 9, 17, 0
5, 9, 18, 0
5, 9, 19, 0
5, 9, 20, 0
5, 9, 21, 0
5, 9, 22, 0
5, 9, 23, 0
5, 10, 0, 0
5, 10, 1, 127
5, 10, 2, 127
5, 10, 3, 127
5, 10, 4, 127
5, 10, 5, 0
5, 10, 6, 0
5, 10, 7, 0
5, 10, 8, 0
5, 10, 9, 0
5, 10, 10, 0
5, 10, 11, 0
5, 10, 12, 127
5, 10, 13, 127
5, 10, 14, 127
5, 10, 15, 127
5, 10, 16, 0
5, 10, 17, 0
5, 10, 18, 0
5, 10, 19, 0
5, 10, 20, 0
5, 10, 21, 0
5, 10, 22, 0
5, 10, 23, 0
5, 11, 0, 0
5, 11, 1, 127
5, 11, 2, 127
5, 11, 3, 127
5, 11, 4, 127
5, 11, 5, 0
5, 11, 6, 127
5, 11, 7, 0
5, 11, 8, 0
5, 11, 9, 0
5, 11, 10, 127
5, 11, 11, 0
5, 11, 12, 127
5, 11, 13, 127
5, 11, 14, 127
5, 11, 15, 0
5, 11, 16, 127
5, 11, 17, 0
5, 11, 18, 0
5, 11, 19, 0
5, 11, 20, 0
5, 11, 21, 0
5, 11, 22, 0
5, 11, 23, 0
5, 12, 0, 0
5, 12, 1, 127
5, 12, 2, 127
5, 12, 3, 127
5, 12, 4, 127
5, 12, 5, 127
5, 12, 6, 127
5, 12, 7, 127
5, 12, 8, 127
5, 12, 9, 127
5, 12, 10, 127
5, 12, 11, 127
5, 12, 12, 127
5, 12, 13, 127
5, 12, 14, 127
5, 12, 15, 0
5, 12, 16, 127
5, 12, 17, 0
5, 12, 18, 0
5, 12, 19, 0
5, 12, 20, 0
5, 12, 21, 0
5, 12, 22, 0
5, 12, 23, 0
5, 13, 0, 0
5, 13, 1, 127
5, 13, 2, 0
5, 13, 3, 127
5, 13, 4, 127
5, 13, 5, 127
5, 13, 6, 127
5, 13, 7, 127
5, 13, 8, 127
5, 13, 9, 127
5, 13, 10, 127
5, 13, 11, 127
5, 13, 12, 127
5, 13, 13, 127
5, 13, 14, 127
5, 13, 15, 0
5, 13, 16, 127
5, 13, 17, 0
5, 13, 18, 0
5, 13, 19, 0
5, 13, 20, 0
5, 13, 21, 0
5, 13, 22, 0
5, 13, 23, 0
5, 14, 0, 0
5, 14, 1, 0
5, 14, 2, 0
5, 14, 3, 127
5, 14, 4, 127
5, 14, 5, 127
5, 14, 6, 127
5, 14, 7, 127
5, 14, 8, 127
5, 14, 9, 127
5, 14, 10, 127
5, 14, 11, 127
5, 14, 12, 127
5, 14, 13, 127
5, 14, 14, 127
5, 14, 15, 0
5, 14, 16, 0
5, 14, 17, 0
5, 14, 18, 0
5, 14, 19, 0
5, 14, 20, 0
5, 14, 21, 0
5, 14, 22, 0
5, 14, 23, 0
5, 15, 0, 0
5, 15, 1, 0
5, 15, 2, 0
5, 15, 3, 0
5, 15, 4, 0
5, 15, 5, 0
5, 15, 6, 0
5, 15, 7, 0
5, 15, 8, 17
5, 15, 9, 0
5, 15, 10, 127
5, 15, 11, 0
5, 15, 12, 127
5, 15, 13, 127
5, 15, 14, 127
5, 15, 15, 0
5, 15, 16, 127
5, 15, 17, 0
5, 15, 18, 0
5, 15, 19, 0
5, 15, 20, 0
5, 15, 21, 0
5, 15, 22, 0
5, 15, 23, 0
5, 16, 0, 0
5, 16, 1, 0
5, 16, 2, 0
5, 16, 3, 0
5, 16, 4, 0
5, 16, 5, 0
5, 16, 6, 0
5, 16, 7, 0
5, 16, 8, 0
5, 16, 9, 0
5, 16, 10, 1
5, 16, 11, 127
5, 16, 12, 127
5, 16, 13, 127
5, 16, 14, 127
5, 16, 15, 0
5, 16, 16, 0
5, 16, 17, 0
5, 16, 18, 0
5, 16, 19, 0
5, 16, 20, 0
5, 16, 21, 0
5, 16, 22, 0
5, 16, 23, 0
5, 17, 0, 0
5, 17, 1, 0
5, 17, 2, 0
5, 17, 3, 0
5, 17, 4, 0
5, 17, 5, 0
5, 17, 6, 0
5, 17, 7, 0
5, 17, 8, 9
5, 17, 9, 0
5, 17, 10, 127
5, 17, 11, 0
5, 17, 12, 127
5, 17, 13, 127
5, 17, 14, 127
5, 17, 15, 0
5, 17, 16, 0
5, 17, 17, 0
5, 17, 18, 0
5, 17, 19, 0
5, 17, 20, 0
5, 17, 21, 0
5, 17, 22, 0
5, 17, 23, 0
5, 18, 0, 0
5, 18, 1, 0
5, 18, 2, 0
5, 18, 3, 0
5, 18, 4, 0
5, 18, 5, 0
5, 18, 6, 0
5, 18, 7, 0
5, 18, 8, 0
5, 18, 9, 127
5, 18, 10, 0
5, 18, 11, 127
5, 18, 12, 127
5, 18, 13, 127
5, 18, 14, 127
5, 18, 15, 0
5, 18, 16, 0
5, 18, 17, 0
5, 18, 18, 0
5, 18, 19, 0
5, 18, 20, 0
5, 18, 21, 0
5, 18, 22, 0
5, 18, 23, 0
5, 19, 0, 0
5, 19, 1, 0
5, 19, 2, 0
5, 19, 3, 0
5, 19, 4, 0
5, 19, 5, 0
5, 19, 6, 0
5, 19, 7, 0
5, 19, 8, 0
5, 19, 9, 127
5, 19, 10, 0
5, 19, 11, 127
5, 19, 12, 127
5, 19, 13, 127
5, 19, 14, 56
5, 19, 15, 127
5, 19, 16, 0
5, 19, 17, 0
5, 19, 18, 0
5, 19, 19, 0
5, 19, 20, 0
5, 19, 21, 0
5, 19, 22, 0
5, 19, 23, 0
5, 20, 0, 0
5, 20, 1, 0
5, 20, 2, 0
5, 20, 3, 0
5, 20, 4, 0
5, 20, 5, 0
5, 20, 6, 0
5, 20, 7, 0
5, 20, 8, 0
5, 20, 9, 127
5, 20, 10, 0
5, 20, 11, 127
5, 20, 12, 127
5, 20, 13, 0
5, 20, 14, 127
5, 20, 15, 0
5, 20, 16, 0
5, 20, 17, 0
5, 20, 18, 0
5, 20, 19, 0
5, 20, 20, 0
5, 20, 21, 0
5, 20, 22, 0
5, 20, 23, 0
5, 21, 0, 0
5, 21, 1, 0
5, 21, 2, 0
5, 21, 3, 0
5, 21, 4, 0
5, 21, 5, 0
5, 21, 6, 0
5, 21, 7, 0
5, 21, 8, 0
5, 21, 9, 127
5, 21, 10, 0
5, 21, 11, 0
5, 21, 12, 127
5, 21, 13, 0
5, 21, 14, 0
5, 21, 15, 0
5, 21, 16, 1
5, 21, 17, 0
5, 21, 18, 0
5, 21, 19, 0
5, 21, 20, 0
5, 21, 21, 0
5, 21, 22, 0
5, 21, 23, 0
5, 22, 0, 0
5, 22, 1, 0
5, 22, 2, 0
5, 22, 3, 0
5, 22, 4, 0
5, 22, 5, 0
5, 22, 6, 0
5, 22, 7, 0
5, 22, 8, 0
5, 22, 9, 127
5, 22, 10, 0
5, 22, 11, 0
5, 22, 12, 127
5, 22, 13, 0
5, 22, 14, 0
5, 22, 15, 0
5, 22, 16, 1
5, 22, 17, 0
5, 22, 18, 0
5, 22, 19, 0
5, 22, 20, 0
5, 22, 21, 0
5, 22, 22, 0
5, 22, 23, 0
5, 23, 0, 0
5, 23, 1, 0
5, 23, 2, 0
5, 23, 3, 0
5, 23, 4, 0
5, 23, 5, 0
5, 23, 6, 0
5, 23, 7, 0
5, 23, 8, 0
5, 23, 9, 0
5, 23, 10, 127
5, 23, 11, 0
5, 23, 12, 0
5, 23, 13, 0
5, 23, 14, 0
5, 23, 15, 0
5, 23, 16, 0
5, 23, 17, 0
5, 23, 18, 0
5, 23, 19, 0
5, 23, 20, 0
5, 23, 21, 0
5, 23, 22, 0
5, 23, 23, 0
