# fc2 output: 84 neurons
# Format: neuron_index, value
0, 127
1, 0
2, 127
3, 0
4, 0
5, 127
6, 127
7, 127
8, 127
9, 0
10, 0
11, 127
12, 0
13, 127
14, 0
15, 127
16, 127
17, 127
18, 127
19, 127
20, 127
21, 0
22, 127
23, 127
24, 127
25, 127
26, 0
27, 127
28, 127
29, 0
30, 0
31, 127
32, 0
33, 0
34, 127
35, 127
36, 0
37, 127
38, 127
39, 127
40, 127
41, 127
42, 0
43, 127
44, 127
45, 127
46, 127
47, 127
48, 127
49, 127
50, 0
51, 0
52, 0
53, 0
54, 127
55, 127
56, 0
57, 127
58, 127
59, 0
60, 127
61, 0
62, 127
63, 0
64, 0
65, 127
66, 0
67, 0
68, 0
69, 127
70, 0
71, 0
72, 0
73, 127
74, 0
75, 127
76, 127
77, 127
78, 0
79, 127
80, 127
81, 0
82, 0
83, 0
